rep,id,g,d,P0
1,1,25.6587,0.279841,23.661
2,1,31.8698,0.451444,22.3745
3,1,38.3231,0.501156,32.0107
4,1,30.4784,0.358051,21.5014
1,2,31.7913,0.440492,62.1843
2,2,25.8062,0.306772,81.6657
3,2,24.7005,0.29357,68.3528
4,2,32.1663,0.40304,57.5426
1,3,31.8104,0.284506,106.786
2,3,49.5081,0.478559,108.283
3,3,41.7519,0.353723,106.372
4,3,40.3421,0.373694,100.178
1,4,59.7261,0.441521,49.0084
2,4,67.6581,0.494774,27.3209
3,4,71.6245,0.487805,38.3818
4,4,57.6631,0.372133,38.3176
1,5,25.6003,0.433552,29.4395
2,5,24.6028,0.454362,41.4027
3,5,25.9856,0.484388,33.4677
4,5,21.0483,0.360068,36.0992
1,6,25.4344,0.327165,67.9739
2,6,38.4492,0.450087,66.1905
3,6,35.0865,0.4313,66.4563
4,6,48.1605,0.59791,68.3365
1,7,20.0979,0.456766,31.7477
2,7,19.7523,0.490431,33.8899
3,7,21.0885,0.485395,24.0075
4,7,23.311,0.382895,27.5932
1,8,39.8979,0.497036,63.0744
2,8,34.2886,0.403533,56.2544
3,8,37.0644,0.44501,44.7675
4,8,35.3448,0.456553,46.4817
1,9,40.4118,0.422017,55.1562
2,9,36.7544,0.415793,73.3734
3,9,35.9363,0.463418,68.4697
4,9,35.5582,0.379958,80.4183
1,10,59.4839,0.61958,102.787
2,10,46.849,0.466949,101.469
3,10,50.1516,0.447401,89.1124
4,10,49.0816,0.46715,110.617
1,11,41.794,0.438112,82.9359
2,11,34.0846,0.355538,87.2361
3,11,42.5574,0.452149,85.6561
4,11,35.1843,0.411092,101.816
1,12,47.2709,0.629062,66.7125
2,12,28.109,0.371643,71.758
3,12,28.2724,0.391953,81.3518
4,12,34.5109,0.418548,83.8858
1,13,33.199,0.279254,44.875
2,13,29.5598,0.354601,55.7897
3,13,35.8109,0.345263,47.7788
4,13,38.166,0.329026,38.6052
1,14,49.1758,0.431745,45.2933
2,14,45.3379,0.389333,45.471
3,14,32.3091,0.278655,53.3259
4,14,43.9125,0.387381,41.51
1,15,41.8466,0.50419,107.315
2,15,33.6161,0.46044,108.847
3,15,32.7861,0.42424,95.5391
4,15,24.1938,0.365948,97.3202
1,16,35.7312,0.337724,100.901
2,16,50.273,0.446823,99.9876
3,16,29.1907,0.280506,96.8701
4,16,42.431,0.428482,110.774
1,17,22.5201,0.682336,32.1284
2,17,19.351,0.61735,38.4004
3,17,15.345,0.511572,42.9146
4,17,15.4914,0.474716,35.9666
1,18,47.4165,0.352517,106.616
2,18,46.0886,0.362787,97.5585
3,18,36.8983,0.278811,117.34
4,18,38.271,0.338691,126.033
1,19,50.6089,0.414724,81.8499
2,19,37.7373,0.369827,106.966
3,19,45.8296,0.375774,87.178
4,19,31.7822,0.275151,98.0752
1,20,42.8444,0.456308,58.4898
2,20,21.7779,0.210202,55.1782
3,20,46.4705,0.488561,56.8255
4,20,36.148,0.326216,60.4124
1,21,44.4517,0.349908,30.4774
2,21,46.8558,0.433033,24.4509
3,21,54.6366,0.469899,28.5632
4,21,55.6936,0.537859,29.8624
1,22,28.4759,0.480396,15.4615
2,22,24.8845,0.371479,24.4328
3,22,31.5972,0.505087,19.7536
4,22,25.164,0.388666,32.1096
1,23,34.9274,0.383337,45.349
2,23,30.2319,0.282725,42.1377
3,23,38.1128,0.34746,45.7133
4,23,43.1901,0.40121,33.0273
1,24,24.6415,0.459911,47.1765
2,24,34.7335,0.494968,36.1391
3,24,49.3948,0.763799,46.8516
4,24,20.3773,0.341972,45.2717
1,25,32.7883,0.537967,44.0864
2,25,33.3228,0.524716,41.8153
3,25,28.7976,0.36907,34.3048
4,25,30.1165,0.515929,39.1199
1,26,40.2095,0.634993,44.2794
2,26,23.3365,0.332269,46.318
3,26,34.3851,0.458713,42.9722
4,26,31.4149,0.415854,41.859
1,27,43.2882,0.24155,54.3591
2,27,42.4819,0.280138,56.1002
3,27,44.4248,0.271225,52.3047
4,27,43.6035,0.309451,58.1359
1,28,45.2745,0.481574,103.269
2,28,43.0499,0.471507,111.538
3,28,38.3749,0.405387,106.398
4,28,29.9844,0.298015,105.999
1,29,33.2293,0.506391,30.3599
2,29,22.3884,0.32299,35.6497
3,29,27.1917,0.399171,32.2103
4,29,27.5301,0.395794,42.4836
1,30,26.6299,0.546997,16.2294
2,30,29.2492,0.749205,26.2391
3,30,28.4193,0.682458,26.6709
4,30,24.8397,0.655147,28.6812
1,31,22.7925,0.562184,38.6778
2,31,19.7462,0.585554,53.9535
3,31,22.4797,0.545013,38.374
4,31,24.9379,0.690134,37.934
1,32,31.335,0.350818,22.48
2,32,35.5157,0.457173,19.9022
3,32,25.7243,0.25136,13.0213
4,32,41.7408,0.510688,12.8132
1,33,24.854,0.299276,46.14
2,33,27.1297,0.346124,41.5498
3,33,33.832,0.479259,35.7723
4,33,23.5122,0.342243,48.7877
1,34,30.9504,0.339597,41.9733
2,34,39.7431,0.377972,38.8951
3,34,32.1651,0.28418,37.3751
4,34,33.6389,0.348929,43.671
1,35,29.2528,0.412614,42.401
2,35,31.3427,0.555012,50.0363
3,35,36.5223,0.551389,45.4082
4,35,26.7068,0.427448,37.9248
1,36,23.4252,0.389513,40.9274
2,36,33.7735,0.494657,25.7683
3,36,35.8243,0.441977,39.7154
4,36,32.0449,0.530846,44.8372
1,37,32.8752,0.369792,61.46
2,37,50.097,0.534412,60.2227
3,37,36.9833,0.542318,73.9033
4,37,21.7792,0.308656,66.9832
1,38,39.0313,0.377576,94.4841
2,38,35.7963,0.349188,97.0326
3,38,35.5636,0.338143,97.5207
4,38,43.0459,0.425636,108.15
1,39,48.132,0.426264,50.42
2,39,56.5934,0.54619,46.8493
3,39,62.382,0.56826,53.1599
4,39,55.653,0.492214,54.2189
1,40,31.4015,0.336592,43.0384
2,40,29.8112,0.348886,60.3203
3,40,26.0682,0.305992,60.365
4,40,23.1351,0.255899,56.0632
1,41,54.1383,0.459396,111.639
2,41,74.7989,0.657437,101.881
3,41,50.3053,0.490071,124.015
4,41,36.0856,0.348613,95.7955
1,42,37.3824,0.529174,15.4889
2,42,26.3087,0.372527,20.9155
3,42,35.8205,0.685685,19.791
4,42,21.1851,0.324397,18.2001
1,43,37.2172,0.469735,72.9742
2,43,31.1788,0.353502,75.2327
3,43,27.2124,0.33987,78.2198
4,43,35.9135,0.426758,64.8625
1,44,25.4901,0.415956,41.352
2,44,31.0072,0.592429,43.458
3,44,32.8303,0.590322,45.5749
4,44,25.1091,0.46313,50.1066
1,45,28.9938,0.299847,36.1755
2,45,33.7012,0.334314,26.9735
3,45,30.9567,0.36203,30.7751
4,45,27.0976,0.258846,25.381
1,46,37.8731,0.620085,54.8167
2,46,35.6806,0.625332,56.9877
3,46,24.5441,0.379367,59.4923
4,46,20.8892,0.354615,56.3916
1,47,29.4738,0.502219,36.9899
2,47,22.9941,0.373101,20.7886
3,47,32.3354,0.536209,28.111
4,47,23.2698,0.339804,19.0052
1,48,43.5357,0.436235,31.4619
2,48,29.2758,0.254926,29.7494
3,48,33.4767,0.314142,31.5385
4,48,40.3663,0.371086,30.4648
1,49,35.051,0.41182,51.8335
2,49,33.3464,0.45698,40.3805
3,49,38.1849,0.50846,41.962
4,49,26.6144,0.272575,41.8301
1,50,53.5599,0.530564,41.8918
2,50,51.0169,0.457258,40.488
3,50,44.529,0.420571,51.0352
4,50,38.8789,0.394132,55.398
1,51,36.6531,0.463331,50.3843
2,51,27.7787,0.405279,62.4501
3,51,34.3395,0.387282,49.613
4,51,31.323,0.453898,51.9822
1,52,31.2546,0.477516,42.4037
2,52,24.3028,0.409351,53.8566
3,52,42.7002,0.615997,46.2907
4,52,37.0301,0.570353,49.2406
1,53,40.2685,0.332591,95.2682
2,53,35.3227,0.307919,90.8588
3,53,33.5798,0.36117,84.2363
4,53,38.5447,0.321886,92.554
1,54,44.7225,0.452017,26.6782
2,54,33.1305,0.311027,29.0923
3,54,38.3123,0.417158,31.9054
4,54,39.8963,0.385371,37.1652
1,55,27.6095,0.3417,62.3531
2,55,30.5537,0.349543,57.0189
3,55,36.7526,0.397792,77.0955
4,55,36.8118,0.488967,57.0705
1,56,37.3776,0.359765,85.3936
2,56,39.8431,0.406159,100.511
3,56,43.5418,0.413506,90.2744
4,56,49.939,0.468088,92.0642
1,57,41.9914,0.398724,18.9289
2,57,30.4675,0.308564,37.5578
3,57,39.1491,0.407063,25.6574
4,57,39.5624,0.379658,24.875
1,58,27.8843,0.318026,52.5883
2,58,53.7717,0.754826,61.2559
3,58,39.5182,0.545137,46.0341
4,58,34.7973,0.44027,64.2731
1,59,56.4192,0.580938,13.258
2,59,32.1521,0.305642,22.9446
3,59,41.5986,0.423436,24.2265
4,59,36.9786,0.398173,30.101
1,60,17.2905,0.794596,36.2937
2,60,24.5664,0.643218,20.5345
3,60,16.2457,0.57066,36.638
4,60,18.973,0.660534,27.775
1,61,34.2416,0.386928,18.1695
2,61,31.2624,0.237344,15.0904
3,61,36.2498,0.357094,7.63916
4,61,28.9791,0.264459,23.5291
1,62,23.8779,0.279563,25.5983
2,62,28.0598,0.328267,8.82189
3,62,32.6177,0.514624,16.7932
4,62,30.5495,0.384403,15.918
1,63,23.3582,0.467297,49.2437
2,63,17.0149,0.319276,45.6532
3,63,24.5588,0.485308,49.6699
4,63,27.8083,0.45066,42.2658
1,64,34.2189,0.755274,29.3281
2,64,22.2055,0.466627,30.6627
3,64,27.0229,0.591962,26.9412
4,64,20.619,0.439114,23.3004
1,65,25.1131,0.64349,42.6588
2,65,41.8869,0.726404,58.0315
3,65,22.5738,0.461579,53.6775
4,65,22.7974,0.507809,57.3303
1,66,35.3553,0.369819,57.3905
2,66,40.8615,0.49484,52.705
3,66,37.0088,0.449263,66.156
4,66,31.0209,0.480165,64.0637
1,67,35.8119,0.378168,75.7506
2,67,40.7224,0.43288,84.319
3,67,33.5365,0.37194,84.2989
4,67,31.8661,0.355358,93.5056
1,68,23.3611,0.579343,41.4173
2,68,28.4803,0.582229,20.8065
3,68,20.7892,0.447343,32.1521
4,68,24.7817,0.483777,21.8817
1,69,30.3879,0.341081,76.9154
2,69,47.3012,0.474861,67.7897
3,69,33.3932,0.373888,78.9363
4,69,31.6796,0.285187,73.1001
1,70,29.4418,0.451316,38.9436
2,70,33.4276,0.511953,36.8512
3,70,33.4104,0.464172,37.7854
4,70,38.3324,0.625758,39.3561
1,71,31.2437,0.343253,42.7135
2,71,41.0091,0.415331,55.8475
3,71,30.0366,0.315072,53.2182
4,71,25.7906,0.21672,53.802
1,72,27.127,0.413141,49.8207
2,72,27.8266,0.456093,41.3832
3,72,35.6652,0.560261,39.3003
4,72,27.6646,0.520251,38.1998
1,73,39.3821,0.610763,53.3666
2,73,31.0683,0.517609,35.6611
3,73,20.5504,0.360691,45.9642
4,73,30.6487,0.440944,42.0967
1,74,35.652,0.350223,82.2275
2,74,35.1893,0.30882,73.2479
3,74,37.6857,0.400805,75.157
4,74,27.1187,0.275369,80.3704
1,75,51.5129,0.568767,76.6402
2,75,35.5473,0.320999,67.4975
3,75,32.0444,0.268682,62.5956
4,75,44.0929,0.428435,79.6043
1,76,22.837,0.315597,24.3945
2,76,20.7966,0.38127,35.6545
3,76,22.92,0.355119,15.4142
4,76,27.8637,0.480615,26.5284
1,77,42.3064,0.41293,74.3791
2,77,38.6828,0.348713,76.5633
3,77,49.3936,0.505285,66.814
4,77,42.5564,0.360421,70.7924
1,78,79.8814,0.58423,32.2987
2,78,66.6631,0.475714,45.2485
3,78,58.6876,0.467553,61.1901
4,78,59.7329,0.410181,45.6999
1,79,42.4635,0.419987,74.9971
2,79,34.3333,0.340195,73.5622
3,79,40.266,0.361434,85.7742
4,79,35.2281,0.402556,93.3149
1,80,34.7538,0.264619,92.9069
2,80,36.345,0.297643,84.9657
3,80,41.1536,0.375042,96.5587
4,80,56.206,0.467391,95.3557
1,81,36.5421,0.463984,29.0317
2,81,35.2545,0.525569,27.747
3,81,36.3855,0.515186,31.7731
4,81,24.5492,0.269182,34.9167
1,82,26.7005,0.247401,87.5392
2,82,42.7848,0.449544,84.9005
3,82,35.7983,0.414658,90.4485
4,82,37.2034,0.378912,91.4796
1,83,35.2492,0.573715,43.889
2,83,27.472,0.513077,54.3372
3,83,36.6421,0.572587,57.7079
4,83,31.235,0.468687,58.6224
1,84,30.9135,0.448825,23.1906
2,84,41.4168,0.530973,21.053
3,84,22.092,0.301166,31.8547
4,84,25.1761,0.32724,23.7728
1,85,32.2609,0.522718,38.2191
2,85,38.3376,0.487906,20.9009
3,85,27.0157,0.341497,25.9791
4,85,26.8025,0.447277,28.8059
1,86,26.2674,0.325832,45.1243
2,86,39.7241,0.487131,46.9487
3,86,34.8398,0.453421,46.4203
4,86,33.9514,0.359564,42.5701
1,87,41.742,0.399339,81.3717
2,87,46.5737,0.444933,82.2326
3,87,53.8733,0.524328,83.7741
4,87,44.0125,0.444259,79.5298
1,88,34.3062,0.316639,20.4416
2,88,32.7484,0.368903,28.091
3,88,33.6864,0.398588,21.6112
4,88,30.2305,0.286652,24.6845
1,89,47.7878,0.38986,39.6319
2,89,34.8911,0.300613,37.0367
3,89,48.6881,0.45871,44.0723
4,89,50.4203,0.485048,38.8716
1,90,38.0317,0.358674,23.1093
2,90,39.2468,0.342681,28.8986
3,90,46.9838,0.407976,20.2141
4,90,49.0541,0.493618,30.9584
1,91,31.4981,0.415673,30.4731
2,91,18.4869,0.357225,28.7818
3,91,29.2679,0.43109,26.0793
4,91,26.6764,0.541258,34.0699
1,92,25.3148,0.311814,44.6114
2,92,31.4592,0.357616,34.7634
3,92,25.3737,0.335219,53.2074
4,92,35.6472,0.478435,35.7652
1,93,31.2364,0.310932,61.1191
2,93,30.0524,0.313626,62.1467
3,93,27.7303,0.291158,58.0462
4,93,27.1521,0.318864,55.1017
1,94,42.9857,0.436379,46.3524
2,94,40.7699,0.377034,32.7119
3,94,45.3489,0.412826,36.7135
4,94,53.7292,0.526002,21.3773
1,95,46.4277,0.388342,68.0489
2,95,43.7731,0.310579,63.9546
3,95,39.5174,0.329747,83.2806
4,95,38.6173,0.320641,72.1608
1,96,34.5671,0.564497,47.53
2,96,36.7994,0.530379,44.1822
3,96,38.3276,0.554154,62.5755
4,96,40.3827,0.607956,50.7828
1,97,27.4556,0.491519,27.4102
2,97,21.4923,0.332543,17.5915
3,97,19.1429,0.420111,29.4186
4,97,33.8326,0.575123,24.1104
1,98,42.9393,0.354355,25.756
2,98,46.4935,0.379926,33.4487
3,98,33.3928,0.242316,23.274
4,98,54.2076,0.474223,23.5494
1,99,33.2022,0.348716,38.7655
2,99,38.119,0.39161,47.367
3,99,29.7801,0.306016,46.5441
4,99,34.7008,0.484117,46.8897
1,100,30.6597,0.42405,54.886
2,100,28.5336,0.349172,55.0049
3,100,39.3371,0.554469,53.9929
4,100,30.7575,0.400626,61.5821
1,101,17.0613,0.232227,33.5867
2,101,18.4024,0.354433,35.5959
3,101,24.8669,0.479212,34.5967
4,101,20.0904,0.321265,25.0971
1,102,24.5372,0.377806,32.3897
2,102,30.8442,0.455561,30.7914
3,102,23.0628,0.41118,37.0635
4,102,35.0563,0.62305,38.5317
1,103,39.5979,0.298637,28.5429
2,103,41.6931,0.302093,27.572
3,103,37.9666,0.309515,35.1926
4,103,35.3483,0.260594,28.0328
1,104,23.5734,0.471178,45.1115
2,104,23.6752,0.368746,41.3893
3,104,23.5134,0.443181,50.3312
4,104,37.6758,0.672085,42.977
1,105,47.671,0.343842,36.9667
2,105,59.2844,0.502761,24.5908
3,105,54.1603,0.399331,21.84
4,105,47.4252,0.373753,36.1282
1,106,46.7076,0.539191,46.4055
2,106,34.3635,0.405503,40.7787
3,106,39.433,0.425586,38.754
4,106,32.7063,0.420605,37.8931
1,107,49.5837,0.470844,64.6282
2,107,46.3892,0.439816,59.7613
3,107,46.604,0.442501,57.1975
4,107,37.5047,0.326628,58.0562
1,108,19.5346,0.400782,39.6507
2,108,29.4161,0.623971,41.3317
3,108,25.5787,0.515718,34.8625
4,108,28.5487,0.588221,43.2313
1,109,52.8809,0.570809,51.8757
2,109,44.5144,0.496124,60.3263
3,109,28.9805,0.296747,56.3395
4,109,38.2138,0.375117,65.2886
1,110,32.1157,0.418868,30.6207
2,110,34.3767,0.432327,36.5991
3,110,37.2024,0.527048,35.8355
4,110,34.3503,0.449989,36.6216
1,111,25.3412,0.485028,29.8784
2,111,29.3628,0.517656,35.1973
3,111,43.5566,0.607476,19.7287
4,111,22.801,0.387153,40.0438
1,112,39.2903,0.353056,42.6665
2,112,45.5974,0.550571,45.9593
3,112,36.6974,0.397943,52.7571
4,112,45.0568,0.503543,45.8149
1,113,32.6346,0.335696,36.7893
2,113,44.0506,0.557182,44.1966
3,113,33.4548,0.374925,31.1248
4,113,59.0006,0.703735,26.0232
1,114,24.5675,0.618956,56.6576
2,114,21.3577,0.452862,47.3044
3,114,29.3626,0.502567,34.2932
4,114,27.6788,0.458946,43.7663
1,115,25.2971,0.345749,56.5183
2,115,29.6076,0.344193,50.7273
3,115,35.5657,0.433931,53.9254
4,115,37.9419,0.631576,52.3115
1,116,45.1109,0.370533,36.4551
2,116,33.2876,0.274156,51.1017
3,116,35.843,0.339716,31.9948
4,116,42.6545,0.35531,34.4808
1,117,28.527,0.379321,27.937
2,117,37.7295,0.454547,24.047
3,117,27.5665,0.335517,26.8954
4,117,38.2578,0.436638,29.8074
1,118,25.0897,0.452,23.4866
2,118,27.3858,0.472729,17.0992
3,118,23.5032,0.425769,24.6345
4,118,24.4368,0.473888,30.93
1,119,23.8992,0.472137,25.1936
2,119,23,0.381921,20.4676
3,119,18.8471,0.386211,32.4316
4,119,29.9232,0.524851,20.7319
1,120,51.5113,0.507703,14.6276
2,120,58.711,0.378374,15.4689
3,120,45.9856,0.295482,18.3608
4,120,65.3587,0.507263,16.6194
1,121,32.3692,0.559951,52.3547
2,121,37.9092,0.512532,58.1346
3,121,28.4821,0.41507,43.9548
4,121,18.2646,0.282449,58.0859
1,122,48.3391,0.485167,35.7053
2,122,35.3247,0.345332,43.7873
3,122,29.0978,0.285872,45.9042
4,122,39.8489,0.397704,36.3632
1,123,56.3887,0.487038,58.5214
2,123,40.3043,0.372338,67.4596
3,123,37.242,0.320293,69.1433
4,123,39.9794,0.347763,70.9075
1,124,33.0856,0.367271,52.784
2,124,36.6631,0.405734,57.9915
3,124,29.6924,0.328613,53.7948
4,124,42.678,0.480493,47.1943
1,125,31.3059,0.472629,41.0149
2,125,35.3577,0.562948,37.1081
3,125,27.8308,0.480578,38.8057
4,125,26.8487,0.413666,45.5772
1,126,31.6607,0.704679,26.416
2,126,28.0794,0.593577,29.8386
3,126,23.342,0.531893,33.5581
4,126,22.7089,0.588494,32.148
1,127,66.7444,0.365132,26.2547
2,127,56.7498,0.323283,23.753
3,127,47.7349,0.280936,37.0104
4,127,52.1175,0.349192,17.8845
1,128,19.5131,0.415036,38.4502
2,128,18.7511,0.35569,44.2549
3,128,26.296,0.529371,36.087
4,128,19.6915,0.530562,48.0113
1,129,19.0462,0.447434,39.6216
2,129,19.9518,0.515487,43.5861
3,129,28.4093,0.615966,29.0727
4,129,27.5364,0.429725,28.9758
1,130,57.5568,0.564923,55.3846
2,130,34.8692,0.349882,65.7547
3,130,37.0185,0.351612,72.9377
4,130,31.0838,0.277899,67.0456
1,131,40.6111,0.444792,76.1774
2,131,31.681,0.315367,73.8375
3,131,25.1289,0.247451,81.7057
4,131,35.9043,0.358961,69.6443
1,132,21.4488,0.371239,41.0233
2,132,19.9515,0.284901,36.0713
3,132,34.251,0.624966,34.3552
4,132,19.588,0.40674,25.7818
1,133,23.9869,0.386234,30.6696
2,133,27.2457,0.488141,31.549
3,133,34.019,0.54487,17.8678
4,133,30.8101,0.491117,20.609
1,134,41.4259,0.329944,14.6396
2,134,35.1613,0.320394,26.0354
3,134,27.6645,0.234931,31.5806
4,134,33.1299,0.296667,23.2394
1,135,53.8902,0.398844,59.0502
2,135,61.6466,0.489776,45.2009
3,135,66.0852,0.486553,43.1227
4,135,65.0346,0.468517,46.69
1,136,28.9371,0.242401,41.6997
2,136,31.1486,0.344315,42.0474
3,136,44.0874,0.463592,50.1469
4,136,35.9905,0.293544,46.2357
1,137,77.3711,0.531878,41.4348
2,137,77.5489,0.604139,58.8296
3,137,53.1538,0.376433,50.8418
4,137,65.1641,0.459357,52.7178
1,138,32.046,0.336561,54.967
2,138,38.0275,0.395551,57.2004
3,138,40.532,0.471763,51.3797
4,138,43.9117,0.395498,52.1014
1,139,20.5373,0.338289,66.8079
2,139,25.7968,0.347471,61.9956
3,139,35.0624,0.601545,69.7701
4,139,32.4921,0.457041,66.2832
1,140,23.6506,0.463435,29.9209
2,140,36.2919,0.699707,28.7959
3,140,28.0034,0.484556,22.2886
4,140,21.4673,0.442364,40.0129
1,141,16.9101,0.276182,34.2812
2,141,22.9426,0.369815,44.1507
3,141,38.6752,0.706052,33.2336
4,141,32.601,0.607381,42.7817
1,142,45.0431,0.524609,43.1018
2,142,41.1391,0.429898,48.2903
3,142,27.9456,0.319061,47.1507
4,142,46.0421,0.448107,34.0612
1,143,30.1371,0.473553,40.5274
2,143,28.4765,0.469594,38.0342
3,143,23.8843,0.407634,45.4582
4,143,33.6514,0.623612,54.8453
1,144,33.8612,0.32983,33.9141
2,144,32.2159,0.405646,43.7368
3,144,39.2566,0.439107,38.0489
4,144,33.9128,0.377974,45.3935
1,145,50.2156,0.555748,53.1061
2,145,33.2961,0.343935,45.3309
3,145,31.8109,0.284333,46.1374
4,145,44.3169,0.41912,47.9517
1,146,34.681,0.324395,58.2438
2,146,32.5858,0.386922,60.9243
3,146,49.391,0.55941,55.4011
4,146,48.4556,0.569906,52.9987
1,147,30.0099,0.405546,33.773
2,147,27.4431,0.375679,36.9225
3,147,25.1181,0.292021,27.4171
4,147,25.3887,0.346527,23.2987
1,148,54.7973,0.519065,43.1098
2,148,42.6985,0.371544,38.2866
3,148,46.4023,0.395315,48.2875
4,148,57.4042,0.514543,35.9469
1,149,32.3339,0.414589,56.5648
2,149,28.3833,0.382643,52.6357
3,149,38.1438,0.499934,58.3743
4,149,30.2255,0.356604,53.3319
1,150,49.6567,0.482613,104.626
2,150,39.358,0.346512,113.327
3,150,36.1755,0.30688,107.583
4,150,31.9521,0.27064,111.068
1,151,22.4869,0.594977,49.2859
2,151,22.8134,0.611113,44.1191
3,151,27.7592,0.647802,41.09
4,151,22.7446,0.422976,39.8137
1,152,22.8106,0.480643,41.3882
2,152,18.5595,0.365937,31.0216
3,152,21.253,0.424612,32.7413
4,152,26.6511,0.55835,36.218
1,153,36.9303,0.496829,85.4187
2,153,29.5298,0.370671,74.3885
3,153,37.0177,0.406425,68.2912
4,153,33.4093,0.404673,75.711
1,154,17.3081,0.394324,40.7279
2,154,27.6858,0.510601,21.6191
3,154,28.2588,0.524027,40.5228
4,154,19.6435,0.465631,37.9504
1,155,28.4208,0.350483,40.3994
2,155,38.6079,0.452753,27.2325
3,155,41.0587,0.487212,37.8361
4,155,44.2635,0.468058,31.3249
1,156,42.2969,0.390115,20.047
2,156,34.4821,0.396001,30.5186
3,156,37.645,0.365997,22.0678
4,156,36.8078,0.462127,33.544
1,157,34.3819,0.418958,83.7361
2,157,37.174,0.521664,94.443
3,157,36.6542,0.526607,98.8104
4,157,33.2365,0.397896,94.5069
1,158,15.9029,0.375315,36.4565
2,158,36.8036,0.748225,29.716
3,158,20.057,0.525424,25.7114
4,158,23.337,0.572666,47.8674
1,159,29.8316,0.316137,57.5136
2,159,37.8373,0.430969,55.3941
3,159,48.5488,0.512266,45.5295
4,159,29.6504,0.385299,62.555
1,160,40.2405,0.614718,40.219
2,160,32.7901,0.341254,32.082
3,160,30.0591,0.38541,30.5976
4,160,33.6423,0.44265,28.876
1,161,32.2537,0.34644,76.1657
2,161,37.5105,0.411798,66.452
3,161,41.5334,0.4971,80.4083
4,161,34.1415,0.317426,74.2318
1,162,45.3456,0.505501,52.6059
2,162,37.0741,0.423719,59.7365
3,162,35.0036,0.306203,64.217
4,162,40.8776,0.417783,52.7595
1,163,49.8656,0.57381,42.3376
2,163,42.7412,0.470921,36.2666
3,163,36.7071,0.436574,41.2881
4,163,32.4423,0.332288,44.0235
1,164,24.2985,0.244115,72.5475
2,164,38.6191,0.453635,73.9264
3,164,34.1462,0.370552,65.8298
4,164,36.8493,0.414208,67.5686
1,165,38.4373,0.405688,80.7477
2,165,36.8189,0.363214,69.5976
3,165,35.7824,0.451631,78.3668
4,165,49.7439,0.592329,81.5619
1,166,25.2949,0.296736,87.7187
2,166,41.7825,0.414775,65.611
3,166,29.2221,0.332097,76.7369
4,166,20.9673,0.258848,83.3742
1,167,33.8831,0.492136,45.5325
2,167,24.3877,0.40776,48.6448
3,167,36.3987,0.572462,39.763
4,167,25.7462,0.373746,44.8204
1,168,46.3191,0.550067,38.856
2,168,33.7314,0.393702,32.3701
3,168,29.0971,0.354329,48.5157
4,168,38.6946,0.45614,48.1401
1,169,31.8187,0.528928,38.5544
2,169,23.0644,0.410576,45.6532
3,169,26.5951,0.514783,32.2434
4,169,25.0297,0.403893,41.839
1,170,25.0415,0.225563,72.9953
2,170,50.5451,0.481588,56.5488
3,170,58.2282,0.54607,48.469
4,170,42.1301,0.409445,60.1522
1,171,27.6084,0.426888,28.1202
2,171,34.478,0.580659,29.706
3,171,25.7501,0.357125,19.0868
4,171,30.93,0.615998,29.3216
1,172,16.7535,0.394662,28.5098
2,172,31.8022,0.694911,32.8624
3,172,19.2702,0.503522,39.1659
4,172,16.0796,0.429004,35.1545
1,173,29.8081,0.421555,40.1867
2,173,46.3692,0.555992,30.2886
3,173,30.7646,0.342877,23.428
4,173,25.4971,0.301937,25.9203
1,174,27.6252,0.478579,54.6543
2,174,25.1035,0.419683,66.8151
3,174,31.3248,0.500979,54.8326
4,174,29.2536,0.577994,56.3914
1,175,38.2287,0.386458,47.9032
2,175,37.3977,0.381359,45.8465
3,175,48.8624,0.482327,36.4586
4,175,31.4949,0.292924,39.0769
1,176,40.8144,0.353674,135.123
2,176,45.9146,0.441207,147.853
3,176,37.1967,0.318331,134.076
4,176,40.6564,0.366146,126.913
1,177,42.0104,0.308831,66.7012
2,177,44.7195,0.317567,62.5237
3,177,54.902,0.406627,48.8565
4,177,63.6496,0.46935,41.7426
1,178,27.6894,0.418049,74.7819
2,178,34.5128,0.519271,65.6547
3,178,32.7321,0.532989,81.4262
4,178,27.5325,0.572491,74.3494
1,179,25.3442,0.602586,24.1478
2,179,27.1759,0.716518,21.9362
3,179,21.4356,0.448576,27.9755
4,179,23.9937,0.570885,35.9534
1,180,22.4077,0.429425,9.8014
2,180,23.6519,0.473799,20.0091
3,180,25.3382,0.476956,17.975
4,180,23.4978,0.429324,26.5079
1,181,32.7126,0.33658,46.0243
2,181,32.684,0.337864,50.0798
3,181,29.4982,0.247205,41.9905
4,181,35.9939,0.415467,37.3567
1,182,52.8154,0.356483,47.4149
2,182,52.1414,0.365111,42.5904
3,182,60.4093,0.43038,49.3741
4,182,61.3542,0.356525,33.2486
1,183,42.5576,0.398707,36.4048
2,183,38.8611,0.309961,40.945
3,183,30.6446,0.287625,50.0487
4,183,45.939,0.413986,40.1391
1,184,29.1769,0.733239,32.5284
2,184,21.2933,0.502908,26.8543
3,184,31.049,0.75341,50.8983
4,184,24.3473,0.60403,44.7274
1,185,28.5016,0.220534,13.1477
2,185,30.9933,0.245322,13.5618
3,185,34.4644,0.257072,17.1619
4,185,28.619,0.205692,16.1481
1,186,25.6812,0.322326,79.0285
2,186,43.5639,0.521461,67.6659
3,186,34.9748,0.371966,75.6067
4,186,31.0897,0.371151,72.0678
1,187,21.7654,0.637086,52.251
2,187,26.646,0.582808,45.8464
3,187,19.0856,0.55993,42.0709
4,187,24.0199,0.631744,61.2246
1,188,45.2621,0.479386,89.7113
2,188,44.3958,0.468539,72.6343
3,188,32.4577,0.337283,87.4498
4,188,41.6505,0.441613,87.618
1,189,30.6755,0.37401,93.778
2,189,29.1919,0.297628,90.9297
3,189,28.219,0.321527,80.8431
4,189,29.3399,0.336426,85.778
1,190,34.8152,0.408102,23.6156
2,190,50.2478,0.609095,36.21
3,190,29.8495,0.406082,38.3692
4,190,32.87,0.368349,23.567
1,191,33.4175,0.352003,17.7483
2,191,40.9539,0.662275,22.9129
3,191,30.3699,0.411177,20.5435
4,191,36.6434,0.524185,23.0778
1,192,44.4925,0.341537,38.9691
2,192,51.3032,0.374503,30.9996
3,192,51.1015,0.396981,22.7977
4,192,41.8391,0.306823,35.1864
1,193,28.9042,0.385749,11.4932
2,193,23.9496,0.339266,8.88736
3,193,29.0166,0.333288,12.268
4,193,24.4027,0.324355,21.6082
1,194,53.4461,0.571479,50.8827
2,194,31.8638,0.255351,54.5579
3,194,31.0224,0.255061,47.4609
4,194,45.4352,0.403069,43.8307
1,195,35.6936,0.318781,59.0799
2,195,30.6004,0.241126,54.9269
3,195,42.1748,0.374604,43.8867
4,195,45.0481,0.426021,64.9475
1,196,36.1195,0.366679,26.0694
2,196,40.9028,0.354115,17.6622
3,196,34.7919,0.393166,33.8364
4,196,28.6866,0.235856,39.3428
1,197,25.6261,0.380549,62.0832
2,197,33.2699,0.496435,63.6927
3,197,32.4244,0.467068,61.5822
4,197,24.3877,0.334065,70.7949
1,198,30.9334,0.247318,25.957
2,198,38.2382,0.332157,20.8487
3,198,44.3584,0.328456,26.0225
4,198,44.1358,0.361604,19.1177
1,199,36.7058,0.467114,19.9585
2,199,28.652,0.418445,25.7793
3,199,36.4672,0.449403,23.1129
4,199,34.0392,0.581391,17.1097
1,200,39.623,0.400199,28.3329
2,200,34.9835,0.393529,32.4787
3,200,27.6621,0.283053,38.731
4,200,29.592,0.301188,30.2818
1,201,40.4601,0.362019,32.8694
2,201,35.6083,0.31923,50.6077
3,201,37.7821,0.398102,32.1549
4,201,26.6952,0.219051,42.2286
1,202,30.8521,0.499074,55.627
2,202,24.043,0.329909,56.2953
3,202,32.3039,0.506992,51.4892
4,202,25.7346,0.417173,58.1977
1,203,37.3704,0.353598,55.5803
2,203,42.2907,0.442599,66.5361
3,203,37.5274,0.341123,63.6508
4,203,41.1726,0.40055,46.5468
1,204,44.8611,0.4127,33.6854
2,204,39.8723,0.409283,33.1417
3,204,38.177,0.42146,46.7689
4,204,33.786,0.291042,37.6921
1,205,25.7116,0.503924,13.9459
2,205,26.746,0.502665,16.7546
3,205,24.0397,0.440452,19.3955
4,205,26.7158,0.407211,11.7592
1,206,35.927,0.334768,99.9655
2,206,47.7187,0.44271,89.461
3,206,54.9996,0.419946,109.925
4,206,39.2115,0.406678,96.7264
1,207,41.1102,0.488991,89.9044
2,207,47.4713,0.595998,77.0488
3,207,35.796,0.470893,84.8801
4,207,29.2792,0.34263,73.8993
1,208,31.4756,0.580718,42.1863
2,208,26.6811,0.481684,40.8545
3,208,27.4192,0.644716,37.7469
4,208,26.2522,0.515795,48.3653
1,209,17.5938,0.432585,38.9413
2,209,19.0787,0.628912,36.1866
3,209,24.018,0.572835,31.824
4,209,18.2648,0.431736,33.7034
1,210,38.2381,0.398814,42.7061
2,210,38.104,0.34344,38.6506
3,210,41.7184,0.367406,32.1581
4,210,52.8783,0.547197,39.6299
1,211,56.5615,0.572972,66.8313
2,211,47.7146,0.440289,55.3488
3,211,37.0562,0.33425,61.7226
4,211,59.8248,0.555065,51.9646
1,212,29.4136,0.374898,95.8257
2,212,29.1302,0.398688,84.5621
3,212,32.6066,0.371198,114.249
4,212,35.7487,0.431454,121.909
1,213,32.8019,0.390822,38.373
2,213,30.268,0.345644,50.2791
3,213,30.832,0.296164,39.9062
4,213,30.2444,0.341275,45.7695
1,214,22.1467,0.468898,19.091
2,214,19.3509,0.771778,16.0369
3,214,26.2204,0.635143,17.5424
4,214,28.0709,0.735005,17.5186
1,215,31.5519,0.573625,38.6926
2,215,28.9107,0.572309,40.1771
3,215,16.2138,0.32763,43.7823
4,215,37.3921,0.574654,34.0468
1,216,25.0021,0.414441,59.7295
2,216,32.0378,0.555243,55.3786
3,216,24.0143,0.386787,57.3659
4,216,35.3901,0.524948,52.3713
1,217,15.1714,0.53361,45.4644
2,217,21.887,0.660509,45.406
3,217,16.9373,0.668633,43.9161
4,217,20.7303,0.670802,48.2536
1,218,27.7514,0.381597,59.017
2,218,28.6746,0.447414,40.9836
3,218,41.413,0.764548,57.1588
4,218,28.7853,0.486916,53.5593
1,219,23.8995,0.325391,36.2071
2,219,30.4921,0.351296,36.2898
3,219,32.2852,0.437201,29.8495
4,219,43.843,0.566895,21.9698
1,220,34.6145,0.406718,73.9273
2,220,36.6505,0.483982,65.4961
3,220,43.3905,0.47553,57.9487
4,220,38.1195,0.482192,63.7679
1,221,35.2826,0.381586,51.6355
2,221,40.7186,0.280507,38.2073
3,221,35.003,0.297466,49.5439
4,221,46.025,0.379999,55.5543
1,222,28.3251,0.372661,20.4813
2,222,30.6495,0.416946,20.0395
3,222,32.6692,0.445944,22.1121
4,222,31.9799,0.369111,17.6438
1,223,29.7837,0.468014,50.2049
2,223,28.2036,0.56606,59.084
3,223,21.1102,0.408608,45.2836
4,223,26.8825,0.506688,56.3547
1,224,43.9958,0.450864,9.75925
2,224,34.2548,0.530774,20.4625
3,224,26.7277,0.530717,16.8116
4,224,37.4825,0.751288,16.2501
1,225,24.39,0.561846,25.407
2,225,27.2816,0.550783,25.813
3,225,27.6696,0.576494,19.7853
4,225,26.6289,0.543115,33.7794
1,226,40.2141,0.491592,61.7586
2,226,34.2268,0.494194,74.2983
3,226,52.0823,0.746121,77.013
4,226,35.3951,0.517481,82.3561
1,227,65.691,0.527422,26.6146
2,227,47.4361,0.343372,28.495
3,227,56.9686,0.461404,36.9122
4,227,49.0568,0.419656,33.6961
1,228,29.0067,0.446793,20.1077
2,228,27.6102,0.435941,17.8387
3,228,33.2078,0.51352,16.2932
4,228,38.392,0.57506,19.1317
1,229,31.8712,0.330273,78.9339
2,229,30.1988,0.273268,78.9139
3,229,32.4903,0.360317,95.7378
4,229,33.8877,0.33656,85.5309
1,230,27.0656,0.443878,51.7322
2,230,36.5052,0.749042,74.7379
3,230,24.8243,0.423767,61.6736
4,230,30.7379,0.570929,68.3282
1,231,46.6527,0.450485,56.715
2,231,49.2646,0.416634,59.8387
3,231,68.4771,0.7371,56.3034
4,231,39.8788,0.359689,75.5114
1,232,51.7528,0.43253,37.1383
2,232,49.8985,0.389949,30.6406
3,232,45.8495,0.38397,35.4236
4,232,44.413,0.360042,46.6808
1,233,31.6255,0.236764,59.2983
2,233,58.3188,0.548098,40.7279
3,233,52.2667,0.423271,53.3983
4,233,42.5561,0.320781,51.1622
1,234,24.3537,0.526503,19.7252
2,234,21.7007,0.424361,22.2305
3,234,22.6318,0.537813,11.8911
4,234,21.906,0.465594,10.7537
1,235,19.1386,0.391206,16.6593
2,235,23.245,0.575321,17.4315
3,235,24.7658,0.659825,16.1431
4,235,25.8877,0.598885,12.5252
1,236,38.2158,0.426266,68.5173
2,236,38.5369,0.469535,107.141
3,236,31.0994,0.370335,82.2196
4,236,37.3388,0.389946,96.1576
1,237,46.0869,0.438333,38.8807
2,237,37.3571,0.335623,37.0114
3,237,50.8985,0.509433,32.3082
4,237,45.3055,0.372205,38.5389
1,238,48.0392,0.65084,39.4185
2,238,33.4336,0.393142,33.1749
3,238,27.4374,0.255134,24.2141
4,238,25.2013,0.37567,40.1751
1,239,26.248,0.375764,43.2478
2,239,27.328,0.405772,59.1657
3,239,29.1379,0.414951,37.955
4,239,33.8649,0.420044,39.0283
1,240,28.3675,0.427629,50.5507
2,240,37.3273,0.641839,49.8387
3,240,19.184,0.368654,48.3891
4,240,29.3649,0.446271,52.8236
1,241,51.7658,0.518461,45.1834
2,241,50.503,0.534009,57.2857
3,241,33.7514,0.29705,56.4747
4,241,33.5147,0.315787,64.1813
1,242,26.0793,0.384196,58.6828
2,242,20.0856,0.328931,38.7491
3,242,28.9922,0.441306,39.6014
4,242,35.3326,0.602399,45.7304
1,243,45.1286,0.359405,71.0867
2,243,69.1122,0.554531,70.59
3,243,64.5635,0.497739,65.2555
4,243,67.8458,0.566563,69.3687
1,244,39.0443,0.374453,23.4552
2,244,35.8135,0.458598,48.8885
3,244,29.2608,0.329988,48.4592
4,244,33.4356,0.415926,43.0986
1,245,29.116,0.31831,29.2263
2,245,30.9722,0.353883,36.5886
3,245,36.8234,0.42106,26.1579
4,245,28.8653,0.399492,28.8113
1,246,39.0274,0.512799,48.2912
2,246,42.5913,0.476172,43.4908
3,246,40.1697,0.446074,47.0211
4,246,36.6486,0.378304,32.065
1,247,33.2881,0.283013,49.4004
2,247,49.0176,0.529142,50.3116
3,247,46.7978,0.439544,44.0903
4,247,37.4069,0.399839,50.6219
1,248,42.3058,0.383289,32.9254
2,248,39.8629,0.304102,33.6526
3,248,38.7793,0.341838,40.0876
4,248,43.6453,0.432434,42.5031
1,249,42.4396,0.531187,20.6464
2,249,32.3335,0.410506,26.5075
3,249,29.6968,0.348215,24.513
4,249,35.3023,0.48362,24.7965
1,250,37.1265,0.374493,58.2758
2,250,32.0281,0.361315,61.6637
3,250,23.2854,0.267227,59.4809
4,250,33.6896,0.353349,63.7676
1,251,31.7826,0.323149,77.2915
2,251,21.1609,0.24056,81.6038
3,251,30.4157,0.361113,67.0082
4,251,22.4592,0.220783,76.6149
1,252,32.5612,0.557248,52.8101
2,252,21.2455,0.374263,54.135
3,252,33.2801,0.543303,40.7536
4,252,44.4095,0.742772,34.575
1,253,20.9161,0.407399,44.0875
2,253,25.7604,0.370366,33.2587
3,253,28.293,0.587991,37.83
4,253,32.8946,0.556971,40.5742
1,254,37.3888,0.367119,19.463
2,254,38.1469,0.491017,32.5544
3,254,39.6369,0.472202,17.7377
4,254,38.0304,0.408282,20.4048
1,255,23.9064,0.382979,50.8604
2,255,22.7282,0.341809,58.2121
3,255,21.9807,0.356849,48.2968
4,255,29.7407,0.448929,39.3846
1,256,31.287,0.329718,81.6847
2,256,50.1149,0.538718,73.4982
3,256,32.1367,0.382492,91.8122
4,256,31.5206,0.321798,88.4419
1,257,24.0655,0.397899,58.7781
2,257,26.2664,0.34115,48.8186
3,257,30.1944,0.470812,53.5709
4,257,20.9149,0.266429,55.5694
1,258,39.4819,0.382835,84.6514
2,258,40.9785,0.432987,93.7273
3,258,42.9632,0.439517,81.6044
4,258,33.1694,0.36514,74.869
1,259,45.0653,0.599184,47.3482
2,259,24.2331,0.461399,67.485
3,259,36.9402,0.567328,38.1105
4,259,31.2984,0.542625,58.8337
1,260,65.6886,0.462853,33.9426
2,260,66.5562,0.520852,43.1925
3,260,73.5164,0.628688,33.4435
4,260,51.1284,0.370488,32.2683
1,261,22.9037,0.351635,16.6353
2,261,21.9659,0.341535,17.9003
3,261,24.2818,0.42853,18.3859
4,261,33.5918,0.665603,13.7302
1,262,29.5444,0.325304,62.5773
2,262,40.526,0.486981,66.9108
3,262,35.4968,0.423927,63.8159
4,262,30.9027,0.374479,66.0385
1,263,28.4142,0.351576,16.848
2,263,45.3236,0.668234,16.179
3,263,30.4803,0.496939,18.1067
4,263,28.9643,0.386687,15.7683
1,264,44.1226,0.788324,27.5938
2,264,37.3341,0.57555,30.0646
3,264,34.0824,0.426501,24.8162
4,264,21.8316,0.35587,34.212
1,265,38.9488,0.435263,50.7759
2,265,33.5632,0.396823,54.4222
3,265,28.6786,0.388275,71.3158
4,265,41.767,0.470562,47.5404
1,266,42.3737,0.401546,36.342
2,266,28.3233,0.301976,35.8314
3,266,41.6195,0.441155,34.4047
4,266,34.2413,0.294038,26.7872
1,267,30.0832,0.324726,56.9234
2,267,38.3224,0.471627,71.5396
3,267,32.341,0.352487,59.3443
4,267,32.5593,0.362448,51.1446
1,268,30.0296,0.362753,92.6673
2,268,31.7838,0.317163,77.1676
3,268,28.0448,0.335271,81.5018
4,268,27.8807,0.299302,81.8849
1,269,34.0394,0.421248,139.339
2,269,30.3165,0.303075,111.008
3,269,29.9348,0.331405,134.014
4,269,29.4204,0.330786,136.938
1,270,30.0333,0.333032,57.9927
2,270,29.372,0.336071,60.3324
3,270,32.9831,0.341361,55.0111
4,270,30.8151,0.299308,56.3573
1,271,29.0945,0.353213,89.1166
2,271,35.1667,0.479841,92.45
3,271,28.2608,0.375658,99.1633
4,271,39.2349,0.415352,77.4462
1,272,54.9412,0.676943,58.957
2,272,43.5102,0.488515,47.5681
3,272,40.2349,0.508253,54.973
4,272,41.3979,0.458976,47.9136
1,273,29.4577,0.532132,14.4997
2,273,31.9544,0.687785,23.6971
3,273,24.107,0.539708,39.6209
4,273,29.0757,0.382081,21.0441
1,274,86.7819,0.66701,62.2575
2,274,69.7082,0.478142,60.16
3,274,71.4105,0.533715,60.1067
4,274,55.5815,0.410911,55.8073
1,275,32.9534,0.443333,80.5971
2,275,43.3236,0.426014,80.636
3,275,36.1145,0.405763,63.5004
4,275,31.4019,0.369456,73.8457
1,276,27.3174,0.321517,17.3139
2,276,32.6162,0.410873,17.3225
3,276,35.0227,0.516875,28.9137
4,276,32.8034,0.464361,25.3454
1,277,28.5889,0.224689,81.892
2,277,36.7645,0.317319,79.4882
3,277,27.2386,0.259642,79.0751
4,277,40.5343,0.351216,85.4494
1,278,28.8412,0.524535,27.2744
2,278,26.7397,0.530218,28.9025
3,278,32.809,0.763944,26.1027
4,278,33.3796,0.614022,22.6003
1,279,35.676,0.467824,24.9371
2,279,32.9337,0.418883,42.5327
3,279,33.7881,0.488987,32.6919
4,279,29.4896,0.469571,33.8616
1,280,41.9158,0.341819,24.8326
2,280,32.3698,0.300332,38.8974
3,280,53.2686,0.514532,35.6225
4,280,36.7628,0.281716,28.2555
1,281,13.5506,0.493126,13.1094
2,281,13.6981,0.417118,16.8304
3,281,11.1926,0.480837,17.8773
4,281,15.9697,0.670973,19.7448
1,282,25.3419,0.687851,21.1481
2,282,35.5926,0.695465,13.2362
3,282,27.6822,0.850092,23.7603
4,282,25.1273,0.603684,16.554
1,283,35.2096,0.311493,31.6105
2,283,30.791,0.26256,32.675
3,283,31.4446,0.309352,45.7804
4,283,40.7199,0.384733,48.0888
1,284,28.9089,0.442789,18.8858
2,284,29.0129,0.377553,34.7763
3,284,23.2204,0.277668,33.6362
4,284,23.9306,0.341149,33.6174
1,285,28.0384,0.469903,9.89395
2,285,36.5359,0.453681,16.5292
3,285,26.8149,0.333582,20.6194
4,285,30.8061,0.419551,16.6836
1,286,29.3251,0.446984,64.5363
2,286,35.8001,0.637247,55.0537
3,286,39.5768,0.562147,49.998
4,286,35.242,0.537744,57.5769
1,287,50.4893,0.377277,57.2663
2,287,56.0612,0.399524,45.4341
3,287,60.5801,0.490733,45.3072
4,287,52.3677,0.429463,43.9243
1,288,15.4972,0.708835,40.7942
2,288,18.3763,0.689778,42.8944
3,288,15.6593,0.544838,33.7973
4,288,26.2739,0.814624,27.0258
1,289,33.5266,0.274623,38.5473
2,289,33.6779,0.349681,45.9563
3,289,37.8578,0.340821,37.6936
4,289,29.1144,0.283105,33.6083
1,290,35.0006,0.26622,54.522
2,290,35.1824,0.318868,58.8777
3,290,32.7061,0.275216,64.1845
4,290,38.2666,0.299456,51.1292
1,291,32.0508,0.490618,30.8809
2,291,24.7704,0.444727,27.8104
3,291,31.437,0.60934,28.3427
4,291,22.127,0.36591,23.7654
1,292,46.4071,0.376188,36.3664
2,292,37.1383,0.318645,54.1171
3,292,30.909,0.262202,46.5384
4,292,37.5591,0.301606,45.321
1,293,38.6635,0.359165,46.1721
2,293,41.6981,0.37826,50.0477
3,293,36.8202,0.377405,34.5414
4,293,41.7438,0.374261,38.6182
1,294,30.1013,1.01542,8.85349
2,294,16.9732,0.581915,10.9519
3,294,26.7082,0.733081,18.1972
4,294,17.9003,0.630806,20.6433
1,295,26.2035,0.556211,18.6566
2,295,25.38,0.529305,31.0737
3,295,20.9168,0.50334,28.6203
4,295,19.4508,0.47602,18.9973
1,296,60.4617,0.481119,54.3836
2,296,47.7096,0.364214,66.3908
3,296,44.3178,0.333866,69.1161
4,296,62.9323,0.414171,46.537
1,297,35.2648,0.429226,48.4801
2,297,38.5189,0.435677,40.8015
3,297,33.0727,0.357829,37.9772
4,297,33.8078,0.402588,46.8778
1,298,36.5723,0.41572,58.3304
2,298,33.9428,0.383432,50.8776
3,298,39.5769,0.457911,33.7211
4,298,35.2925,0.408129,50.1548
1,299,46.9096,0.399187,59.6625
2,299,50.6252,0.440777,57.8296
3,299,31.0377,0.284269,50.3876
4,299,40.4346,0.380395,72.3096
1,300,29.9707,0.338617,54.2588
2,300,27.8952,0.363618,56.4573
3,300,39.9069,0.568653,68.1053
4,300,39.3021,0.476558,59.9638
1,301,54.642,0.481899,44.231
2,301,58.516,0.471677,41.256
3,301,51.9286,0.435912,35.0868
4,301,48.3035,0.399131,43.1962
1,302,19.9934,0.566743,29.5864
2,302,20.941,0.554513,32.6417
3,302,24.1924,0.616076,35.1433
4,302,21.6367,0.676163,43.7053
1,303,31.5271,0.386978,22.8503
2,303,36.5675,0.447835,16.2024
3,303,36.1732,0.39944,20.6277
4,303,38.5131,0.349861,22.9881
1,304,15.4841,0.530457,29.602
2,304,21.2898,0.538575,19.7642
3,304,18.4624,0.59447,29.434
4,304,23.409,0.847607,18.0742
1,305,18.935,0.557835,12.6052
2,305,17.6938,0.450244,17.9068
3,305,15.5442,0.504729,17.6134
4,305,22.2956,0.641102,17.4723
1,306,47.7476,0.437907,32.8405
2,306,46.7014,0.386588,39.5404
3,306,56.2592,0.473884,17.1281
4,306,43.8116,0.385829,25.7376
1,307,25.001,0.467461,40.6085
2,307,34.3999,0.568769,37.1505
3,307,24.6345,0.423065,36.6437
4,307,25.696,0.475731,35.8564
1,308,22.5081,0.442391,13.6292
2,308,25.6333,0.526581,21.9999
3,308,27.144,0.541682,20.2189
4,308,18.1142,0.42016,19.8576
1,309,36.3291,0.375375,23.8096
2,309,28.6155,0.249324,22.078
3,309,39.1435,0.443844,17.0277
4,309,36.4167,0.342494,19.1634
1,310,35.3891,0.34263,25.262
2,310,34.3464,0.372147,13.8783
3,310,30.3175,0.305223,24.4014
4,310,28.5836,0.27119,25.5481
1,311,19.5034,0.768524,26.7664
2,311,17.837,0.576723,19.7825
3,311,17.1057,0.400753,15.5151
4,311,13.7282,0.342296,16.2
1,312,42.8565,0.347701,27.0326
2,312,54.4475,0.437869,17.1748
3,312,45.0398,0.425673,25.0549
4,312,32.2291,0.267702,25.0712
1,313,47.075,0.554178,35.3323
2,313,53.1968,0.633838,28.7067
3,313,35.747,0.389546,39.1954
4,313,30.8633,0.351556,32.7505
1,314,19.621,0.375241,15.4061
2,314,24.7251,0.430376,20.1893
3,314,20.2887,0.407766,24.6237
4,314,23.4017,0.45143,26.0981
1,315,22.6279,0.50084,11.7061
2,315,29.4415,0.691081,16.9356
3,315,20.7416,0.298537,9.52224
4,315,19.7618,0.323775,14.5624
1,316,44.1278,0.395112,48.658
2,316,53.706,0.434301,57.0232
3,316,49.2933,0.467404,71.4867
4,316,37.1057,0.302076,60.8573
1,317,40.5769,0.582498,28.1008
2,317,37.4197,0.608572,44.8405
3,317,30.7786,0.550669,47.4632
4,317,25.8455,0.531146,48.5776
1,318,31.2495,0.327635,6.94393
2,318,29.1013,0.259033,13.7125
3,318,27.9408,0.224403,15.7473
4,318,29.517,0.221596,12.8345
1,319,34.7328,0.346378,60.0702
2,319,41.0821,0.359616,53.6904
3,319,37.7426,0.336118,54.6866
4,319,45.9893,0.438062,59.8283
1,320,34.6517,0.464291,38.5328
2,320,26.0248,0.353077,45.0248
3,320,30.2092,0.431818,38.407
4,320,25.7457,0.390491,50.2191
