rep,id,eta_g,eta_d,eta_P0
1,1,-0.265941,-0.416086,-0.566211
2,1,-0.0491651,0.0621418,-0.622117
3,1,0.135228,0.166607,-0.263969
4,1,-0.0938061,-0.169635,-0.661923
1,2,-0.0516336,0.0375825,0.400064
2,2,-0.26021,-0.324203,0.672595
3,2,-0.304001,-0.368192,0.494644
4,2,-0.0399052,-0.0512747,0.322487
1,3,-0.0510318,-0.399556,0.940788
2,3,0.391312,0.120471,0.954714
3,3,0.22092,-0.181797,0.9369
4,3,0.186571,-0.126871,0.876914
1,4,0.578945,0.0399162,0.161953
2,4,0.703642,0.153791,-0.422386
3,4,0.760612,0.139606,-0.0824558
4,4,0.543792,-0.131057,-0.0841311
1,5,-0.268219,0.0217018,-0.347702
2,5,-0.307963,0.0685845,-0.00669318
3,5,-0.253283,0.132577,-0.219459
4,5,-0.464007,-0.164016,-0.143769
1,6,-0.27472,-0.259846,0.489085
2,6,0.138514,0.0591317,0.462499
3,6,0.0469925,0.0164931,0.466506
4,6,0.363715,0.343131,0.494404
1,7,-0.51021,0.0738621,-0.272218
2,7,-0.527553,0.144975,-0.206922
3,7,-0.462096,0.134654,-0.551675
4,7,-0.361901,-0.102549,-0.412471
1,8,0.175499,0.158353,0.414276
2,8,0.0239871,-0.0500521,0.299846
3,8,0.101832,0.0477871,0.0714429
4,8,0.0543256,0.073396,0.109019
1,9,0.188297,-0.0052645,0.28013
2,9,0.0934333,-0.0201219,0.565522
3,9,0.0709222,0.0883192,0.496352
4,9,0.0603471,-0.110248,0.657202
1,10,0.574881,0.378732,0.902619
2,10,0.336105,0.0959109,0.889711
3,10,0.404225,0.0531458,0.75986
4,10,0.38266,0.0963398,0.976032
1,11,0.221927,0.0321646,0.688028
2,11,0.0180197,-0.176678,0.738579
3,11,0.24003,0.0637016,0.720301
4,11,0.0497766,-0.0314926,0.893124
1,12,0.34507,0.39392,0.470353
2,12,-0.174735,-0.132377,0.543261
3,12,-0.168938,-0.0791675,0.668744
4,12,0.0304503,-0.013517,0.699417
1,13,-0.00830573,-0.418188,0.0738428
2,13,-0.124411,-0.179317,0.29155
3,13,0.0674285,-0.206002,0.136543
4,13,0.13112,-0.254174,-0.0766516
1,14,0.384576,0.0175265,0.0831195
2,14,0.303319,-0.0858736,0.0870347
3,14,-0.0354767,-0.420336,0.246382
4,14,0.271374,-0.0909009,-0.00410517
1,15,0.223186,0.172643,0.945733
2,15,0.00417961,0.0818719,0.9599
3,15,-0.0208204,-1.12911e-05,0.829497
4,15,-0.324728,-0.147819,0.847968
1,16,0.0651997,-0.228081,0.884101
2,16,0.406643,0.0518535,0.875007
3,16,-0.136975,-0.413716,0.843331
4,16,0.237055,0.00993895,0.97745
1,17,-0.396416,0.475212,-0.2603
2,17,-0.548079,0.375127,-0.0819719
3,17,-0.780036,0.187179,0.0291741
4,17,-0.770539,0.112407,-0.147449
1,18,0.348145,-0.185211,0.939194
2,18,0.319741,-0.156494,0.850414
3,18,0.0973413,-0.419776,1.03504
4,18,0.133868,-0.225222,1.10651
1,19,0.413302,-0.0226962,0.674848
2,19,0.119824,-0.137273,0.94247
3,19,0.314106,-0.121322,0.737912
4,19,-0.0519169,-0.432989,0.855695
1,20,0.246749,0.0728575,0.338813
2,20,-0.42993,-0.702239,0.28053
3,20,0.327993,0.141154,0.309947
4,20,0.0767972,-0.262749,0.371155
1,21,0.283578,-0.19264,-0.313055
2,21,0.33625,0.0205042,-0.533372
3,21,0.489879,0.102208,-0.377919
4,21,0.509041,0.237288,-0.333438
1,22,-0.161768,0.124301,-0.991684
2,22,-0.296582,-0.132818,-0.534111
3,22,-0.0577574,0.174421,-0.746704
4,22,-0.28541,-0.0875885,-0.260883
1,23,0.0424464,-0.101394,0.0843492
2,23,-0.101928,-0.405835,0.0109031
3,23,0.129726,-0.199661,0.0923491
4,23,0.254788,-0.055824,-0.232704
1,24,-0.306391,0.0807228,0.123857
2,24,0.0368792,0.154184,-0.142664
3,24,0.389021,0.587995,0.116945
4,24,-0.496402,-0.215581,0.0826429
1,25,-0.0207515,0.237487,0.0561131
2,25,-0.00458232,0.212547,0.00322249
3,25,-0.150531,-0.139323,-0.194755
4,25,-0.105752,0.195659,-0.0634071
1,26,0.183278,0.403304,0.0604805
2,26,-0.360806,-0.244366,0.105493
3,26,0.0267999,0.0781143,0.0305148
4,26,-0.0635419,-0.0199758,0.00426763
1,27,0.257055,-0.563232,0.265573
2,27,0.238254,-0.415029,0.2971
3,27,0.282973,-0.44736,0.227047
4,27,0.264312,-0.315509,0.332744
1,28,0.30192,0.12675,0.907294
2,28,0.251535,0.105623,0.984323
3,28,0.136578,-0.0454679,0.937144
4,28,-0.110149,-0.353167,0.933387
1,29,-0.00739155,0.176999,-0.316917
2,29,-0.402283,-0.272687,-0.156298
3,29,-0.207913,-0.0609204,-0.257753
4,29,-0.195547,-0.0694165,0.0190787
1,30,-0.228792,0.254134,-0.943216
2,30,-0.134972,0.568703,-0.462789
3,30,-0.163755,0.475392,-0.446466
4,30,-0.29838,0.43455,-0.373797
1,31,-0.384395,0.28152,-0.0747729
2,31,-0.527861,0.322248,0.258084
3,31,-0.398211,0.250501,-0.0826599
4,31,-0.294436,0.486577,-0.0941918
1,32,-0.066088,-0.190042,-0.617415
2,32,0.0591504,0.0747531,-0.739207
3,32,-0.263389,-0.523423,-1.16345
4,32,0.220654,0.18545,-1.17957
1,33,-0.297808,-0.348943,0.101641
2,33,-0.210197,-0.203512,-0.00314622
3,33,0.0105816,0.121932,-0.152865
4,33,-0.353304,-0.214789,0.157438
1,34,-0.0784379,-0.22255,0.00699393
2,34,0.171612,-0.115489,-0.0691699
3,34,-0.0399434,-0.400702,-0.109033
4,34,0.00485895,-0.19544,0.0466445
1,35,-0.134851,-0.027797,0.0171337
2,35,-0.0658445,0.26868,0.18271
3,35,0.0870986,0.26213,0.0856545
4,35,-0.225908,0.00752191,-0.0944331
1,36,-0.357013,-0.0854135,-0.0182398
2,36,0.00885096,0.153555,-0.480893
3,36,0.0678017,0.0409487,-0.0483006
4,36,-0.0436856,0.224163,0.0729991
1,37,-0.0181061,-0.13737,0.388348
2,37,0.403136,0.230857,0.368011
3,37,0.0996404,0.245544,0.572718
4,37,-0.429869,-0.318083,0.474403
1,38,0.153539,-0.116537,0.818393
2,38,0.0670188,-0.194701,0.845008
3,38,0.0604989,-0.226841,0.850025
4,38,0.251441,0.00327548,0.95348
1,39,0.363124,0.00474875,0.190349
2,39,0.525067,0.252658,0.116897
3,39,0.622452,0.29227,0.243266
4,39,0.508311,0.148604,0.262991
1,40,-0.0639704,-0.231439,0.0320544
2,40,-0.115939,-0.195563,0.369629
3,40,-0.250107,-0.326752,0.37037
4,40,-0.369475,-0.505529,0.29644
1,41,0.480717,0.0796034,0.985233
2,41,0.803978,0.438039,0.89377
3,41,0.407286,0.144241,1.09036
4,41,0.0750692,-0.196348,0.832177
1,42,0.110376,0.221008,-0.989915
2,42,-0.240925,-0.130002,-0.689547
3,42,0.0676944,0.480109,-0.744813
4,42,-0.457528,-0.268343,-0.828614
1,43,0.105945,0.101858,0.560067
2,43,-0.0710869,-0.18242,0.590546
3,43,-0.207154,-0.221745,0.629483
4,43,0.0702887,0.00590717,0.44223
1,44,-0.272535,-0.019731,-0.00791935
2,44,-0.076604,0.333922,0.0417552
3,44,-0.0194734,0.330359,0.089317
4,44,-0.287595,0.087697,0.184113
1,45,-0.143744,-0.347037,-0.141658
2,45,0.00670915,-0.238228,-0.435183
3,45,-0.0782362,-0.158584,-0.303332
4,45,-0.211378,-0.494077,-0.496036
1,46,0.123417,0.379546,0.273956
2,46,0.0637838,0.387973,0.312796
3,46,-0.310355,-0.111806,0.355809
4,46,-0.471593,-0.179276,0.302282
1,47,-0.127322,0.168726,-0.119395
2,47,-0.375588,-0.128462,-0.695637
3,47,-0.0346634,0.234214,-0.393879
4,47,-0.363668,-0.221941,-0.785326
1,48,0.262757,0.0278714,-0.281262
2,48,-0.134065,-0.509336,-0.33723
3,48,2.42147e-05,-0.300465,-0.278831
4,48,0.18717,-0.133875,-0.313466
1,49,0.0459801,-0.0297231,0.217998
2,49,-0.00387475,0.0743289,-0.0316909
3,49,0.131615,0.181076,0.00672515
4,49,-0.229372,-0.442394,0.00357795
1,50,0.469976,0.223631,0.00504993
2,50,0.421333,0.0749381,-0.0290333
3,50,0.285316,-0.00869627,0.202477
4,50,0.149628,-0.0736237,0.284505
1,51,0.0906727,0.0881318,0.189641
2,51,-0.186556,-0.0457346,0.404329
3,51,0.0254709,-0.0911555,0.174214
4,51,-0.0664712,0.0675617,0.220863
1,52,-0.0686591,0.118288,0.0171975
2,52,-0.320233,-0.0357361,0.256286
3,52,0.243378,0.372933,0.104901
4,52,0.100906,0.295945,0.166679
1,53,0.184744,-0.243395,0.826657
2,53,0.0537007,-0.320474,0.779268
3,53,0.00310137,-0.160961,0.703587
4,53,0.140993,-0.276113,0.797753
1,54,0.289652,0.0634107,-0.446192
2,54,-0.0103711,-0.310429,-0.359565
3,54,0.134946,-0.0168455,-0.267265
4,54,0.175458,-0.0961039,-0.114665
1,55,-0.192664,-0.216376,0.402775
2,55,-0.091338,-0.193683,0.313344
3,55,0.0933842,-0.0643802,0.615006
4,55,0.094994,0.141986,0.314249
1,56,0.110246,-0.164859,0.717232
2,56,0.174125,-0.043566,0.880223
3,56,0.262897,-0.0256379,0.772815
4,56,0.399977,0.0983475,0.792447
1,57,0.22664,-0.0620406,-0.789347
2,57,-0.0941634,-0.318382,-0.104159
3,57,0.156553,-0.0413425,-0.485207
4,57,0.167054,-0.111039,-0.516175
1,58,-0.182759,-0.288178,0.232454
2,58,0.473923,0.576177,0.385021
3,58,0.165936,0.250727,0.0993431
4,58,0.0387148,0.0370782,0.433102
1,59,0.521984,0.314334,-1.14544
2,59,-0.040348,-0.327895,-0.596958
3,59,0.217242,-0.00190747,-0.542594
4,59,0.0995138,-0.0634229,-0.325481
1,60,-0.66067,0.627525,-0.138395
2,60,-0.309443,0.416174,-0.707931
3,60,-0.722998,0.296483,-0.128952
4,60,-0.567807,0.442739,-0.405902
1,61,0.0226174,-0.0920723,-0.830296
2,61,-0.0684071,-0.580799,-1.01598
3,61,0.0796095,-0.172309,-1.69675
4,61,-0.14425,-0.472622,-0.5718
1,62,-0.337873,-0.417083,-0.487513
2,62,-0.176488,-0.256482,-1.5528
3,62,-0.0259694,0.193127,-0.909066
4,62,-0.0914773,-0.0986194,-0.962588
1,63,-0.359875,0.0966552,0.166743
2,63,-0.676736,-0.284254,0.0910343
3,63,-0.309752,0.134474,0.17536
4,63,-0.18549,0.0604031,0.0139384
1,64,0.0219521,0.576771,-0.351494
2,64,-0.410486,0.0952208,-0.306992
3,64,-0.214139,0.333133,-0.436383
4,64,-0.484613,0.034449,-0.581567
1,65,-0.287436,0.416597,0.0231946
2,65,0.224149,0.537796,0.330946
3,65,-0.394035,0.0843438,0.252956
4,65,-0.38418,0.179795,0.318791
1,66,0.0546233,-0.137297,0.31984
2,66,0.199364,0.153925,0.234672
3,66,0.100331,0.0572996,0.461977
4,66,-0.076163,0.12382,0.429839
1,67,0.0674542,-0.11497,0.597407
2,67,0.195955,0.0201502,0.704569
3,67,0.00181113,-0.131576,0.70433
4,67,-0.0492833,-0.177185,0.807982
1,68,-0.359751,0.311585,-0.00633958
2,68,-0.161614,0.316555,-0.694772
3,68,-0.47639,0.0530163,-0.259563
4,68,-0.300721,0.131314,-0.644386
1,69,-0.096781,-0.218188,0.612667
2,69,0.345711,0.112712,0.486371
3,69,-0.0024715,-0.126352,0.638603
4,69,-0.0551506,-0.397166,0.561791
1,70,-0.12841,0.0618588,-0.0679252
2,70,-0.00144356,0.187923,-0.12315
3,70,-0.00195784,0.0899462,-0.0981159
4,70,0.135471,0.388654,-0.0573885
1,71,-0.0690057,-0.211842,0.0244763
2,71,0.202969,-0.0212338,0.292586
3,71,-0.10841,-0.297509,0.244362
4,71,-0.260813,-0.671702,0.255272
1,72,-0.210294,-0.0265197,0.178391
2,72,-0.184833,0.0723869,-0.00716429
3,72,0.0633495,0.278093,-0.0588059
4,72,-0.19067,0.204001,-0.0872098
1,73,0.162487,0.3644,0.247146
2,73,-0.074638,0.198911,-0.155979
3,73,-0.487945,-0.162288,0.0978227
4,73,-0.0882356,0.0386082,0.00993069
1,74,0.0629797,-0.19174,0.67945
2,74,0.0499174,-0.317551,0.56381
3,74,0.118456,-0.0568342,0.58954
4,74,-0.210602,-0.432197,0.656607
1,75,0.431008,0.293161,0.609083
2,75,0.0600381,-0.27887,0.482051
3,75,-0.043703,-0.456782,0.406656
4,75,0.275474,0.00982984,0.64703
1,76,-0.382442,-0.295844,-0.53568
2,76,-0.476035,-0.106802,-0.156164
3,76,-0.378817,-0.177856,-0.99475
4,76,-0.183499,0.124756,-0.451825
1,77,0.234113,-0.0270326,0.579136
2,77,0.144571,-0.196062,0.608079
3,77,0.388997,0.174814,0.471873
4,77,0.240005,-0.163037,0.529712
1,78,0.869718,0.319985,-0.255012
2,78,0.688827,0.114507,0.0821307
3,78,0.561403,0.0972021,0.383946
4,78,0.579059,-0.0337113,0.0920581
1,79,0.23782,-0.0100869,0.58741
2,79,0.0252896,-0.220791,0.568093
3,79,0.184683,-0.160231,0.721679
4,79,0.0510181,-0.0524761,0.805941
1,80,0.037463,-0.472018,0.801559
2,80,0.0822309,-0.354416,0.712208
3,80,0.206485,-0.123272,0.840112
4,80,0.518199,0.0968575,0.827575
1,81,0.0876403,0.0895414,-0.361652
2,81,0.0517671,0.214173,-0.406912
3,81,0.0833451,0.194218,-0.271419
4,81,-0.310145,-0.454922,-0.177075
1,82,-0.226142,-0.539301,0.742048
2,82,0.245358,0.0579239,0.711441
3,82,0.0670763,-0.0228554,0.774742
4,82,0.105575,-0.113007,0.786076
1,83,0.0516191,0.301822,0.0516251
2,83,-0.197659,0.190117,0.265169
3,83,0.0903741,0.299856,0.325355
4,83,-0.0692859,0.0996258,0.341078
1,84,-0.0796328,0.0563232,-0.586291
2,84,0.212863,0.224401,-0.682996
3,84,-0.41561,-0.342648,-0.268854
4,84,-0.28493,-0.259615,-0.561495
1,85,-0.0369682,0.208732,-0.0867038
2,85,0.135605,0.139812,-0.690245
3,85,-0.214408,-0.21697,-0.472748
4,85,-0.222328,0.0528675,-0.369459
1,86,-0.242495,-0.263927,0.0793812
2,86,0.171132,0.138224,0.119016
3,86,0.0399369,0.0665116,0.107698
4,86,0.0141048,-0.165419,0.021114
1,87,0.220684,-0.0605001,0.668988
2,87,0.330212,0.047614,0.679513
3,87,0.47581,0.211808,0.698085
4,87,0.27365,0.0460977,0.646092
1,88,0.0245,-0.292548,-0.712469
2,88,-0.0219713,-0.139776,-0.394591
3,88,0.00627034,-0.0623821,-0.656826
4,88,-0.101972,-0.39204,-0.523865
1,89,0.355945,-0.0845214,-0.050404
2,89,0.0414078,-0.344487,-0.11813
3,89,0.37461,0.0781096,0.0557917
4,89,0.409568,0.133939,-0.0697753
1,90,0.127596,-0.167896,-0.589803
2,90,0.159046,-0.213511,-0.366246
3,90,0.338979,-0.0391014,-0.72366
4,90,0.3821,0.151453,-0.297395
1,91,-0.0608962,-0.0204116,-0.313196
2,91,-0.59376,-0.171944,-0.370295
3,91,-0.134335,0.0160081,-0.468896
4,91,-0.227047,0.243587,-0.201624
1,92,-0.279435,-0.307902,0.0679504
2,92,-0.0621331,-0.170851,-0.181475
3,92,-0.277111,-0.235527,0.244159
4,92,0.0628453,0.12021,-0.153065
1,93,-0.0692405,-0.310735,0.382785
2,93,-0.107884,-0.302108,0.399459
3,93,-0.188301,-0.376443,0.3312
4,93,-0.209371,-0.285545,0.279141
1,94,0.250043,0.0282006,0.106234
2,94,0.19712,-0.117974,-0.2423
3,94,0.303562,-0.0272844,-0.126896
4,94,0.473131,0.214996,-0.667708
1,95,0.327072,-0.0884242,0.490187
2,95,0.268194,-0.311871,0.428134
3,95,0.165917,-0.251985,0.692177
4,95,0.142875,-0.279988,0.548858
1,96,0.0320774,0.285625,0.131322
2,96,0.0946563,0.223283,0.0582829
3,96,0.135345,0.267133,0.406334
4,96,0.187576,0.359793,0.197519
1,97,-0.198253,0.147191,-0.419124
2,97,-0.443129,-0.243539,-0.862621
3,97,-0.558893,-0.00979167,-0.348413
4,97,0.0105998,0.304275,-0.547396
1,98,0.248962,-0.18001,-0.481371
2,98,0.328489,-0.110332,-0.220026
3,98,-0.002483,-0.560065,-0.582701
4,98,0.481996,0.111368,-0.570939
1,99,-0.00820986,-0.196053,-0.0725077
2,99,0.129887,-0.080042,0.127886
3,99,-0.116984,-0.326673,0.110361
4,99,0.0359379,0.132017,0.117758
1,100,-0.0878768,-0.00045932,0.275218
2,100,-0.159742,-0.194746,0.277384
3,100,0.161344,0.2677,0.258813
4,100,-0.08469,-0.057281,0.390333
1,101,-0.67401,-0.602594,-0.215909
2,101,-0.598346,-0.179791,-0.157808
3,101,-0.297287,0.121832,-0.186281
4,101,-0.510583,-0.278043,-0.507286
1,102,-0.310636,-0.11593,-0.252198
2,102,-0.0818763,0.0712201,-0.302804
3,102,-0.372605,-0.0312793,-0.117406
4,102,0.0461315,0.384316,-0.0785588
1,103,0.16795,-0.351082,-0.378632
2,103,0.219511,-0.339576,-0.41324
3,103,0.125883,-0.315302,-0.169205
4,103,0.0544246,-0.487347,-0.396665
1,104,-0.350706,0.104926,0.0790988
2,104,-0.346396,-0.140202,-0.00701787
3,104,-0.353253,0.0436682,0.188587
4,104,0.118192,0.460075,0.030625
1,105,0.353499,-0.210128,-0.120021
2,105,0.571521,0.169805,-0.527666
3,105,0.481123,-0.0605195,-0.646297
4,105,0.348329,-0.126715,-0.142964
1,106,0.333083,0.23976,0.107379
2,106,0.0261703,-0.0451808,-0.02188
3,106,0.163777,0.00315828,-0.0728047
4,106,-0.0232574,-0.00861601,-0.0952693
1,107,0.392838,0.104217,0.438612
2,107,0.326243,0.036047,0.360319
3,107,0.330863,0.0421329,0.316471
4,107,0.113642,-0.261489,0.331372
1,108,-0.538638,-0.056891,-0.0499308
2,108,-0.129283,0.385794,-0.00840913
3,108,-0.269066,0.19525,-0.178627
4,108,-0.159212,0.326793,0.0365256
1,109,0.457218,0.296745,0.218811
2,109,0.284989,0.156517,0.36973
3,109,-0.144201,-0.357431,0.301356
4,109,0.132372,-0.123071,0.448779
1,110,-0.0414794,-0.0127543,-0.308363
2,110,0.0265529,0.0188719,-0.130015
3,110,0.105549,0.216982,-0.151101
4,110,0.0257866,0.0589127,-0.129402
1,111,-0.278395,0.133897,-0.332903
2,111,-0.131096,0.199001,-0.16907
3,111,0.263237,0.359004,-0.747964
4,111,-0.384019,-0.0914904,-0.0400651
1,112,0.160153,-0.183682,0.0233754
2,112,0.309027,0.260646,0.0977177
3,112,0.0918803,-0.0640009,0.235659
4,112,0.2971,0.17136,0.0945708
1,113,-0.0254517,-0.234104,-0.124833
2,113,0.274514,0.272582,0.0586093
3,113,-0.000629444,-0.123584,-0.292034
4,113,0.566722,0.506092,-0.471049
1,114,-0.309399,0.377725,0.306987
2,114,-0.449411,0.0652769,0.126563
3,114,-0.131103,0.16942,-0.195091
4,114,-0.190157,0.0786219,0.048825
1,115,-0.280133,-0.204596,0.304525
2,115,-0.122794,-0.209107,0.196425
3,115,0.0605576,0.0225758,0.257563
4,115,0.125231,0.397909,0.227177
1,116,0.298299,-0.135366,-0.133959
2,116,-0.00563922,-0.436614,0.203779
3,116,0.0683232,-0.222199,-0.264465
4,116,0.242308,-0.177318,-0.189638
1,117,-0.159975,-0.111927,-0.400088
2,117,0.119618,0.0689925,-0.550027
3,117,-0.194222,-0.234636,-0.438083
4,117,0.133524,0.0287952,-0.335284
1,118,-0.288368,0.063372,-0.573611
2,118,-0.2008,0.108213,-0.891005
3,118,-0.35369,0.00358651,-0.52589
4,118,-0.314734,0.110661,-0.298314
1,119,-0.33698,0.10696,-0.503451
2,119,-0.375332,-0.105095,-0.711195
3,119,-0.574464,-0.0939263,-0.250906
4,119,-0.112192,0.212805,-0.698368
1,120,0.430976,0.179586,-1.04713
2,120,0.561802,-0.114427,-0.991207
3,120,0.317503,-0.361703,-0.819818
4,120,0.669066,0.17872,-0.919469
1,121,-0.0336188,0.277539,0.228003
2,121,0.12437,0.189054,0.332723
3,121,-0.161549,-0.0218622,0.0531236
4,121,-0.605857,-0.406812,0.331884
1,122,0.367417,0.134184,-0.154741
2,122,0.053758,-0.205804,0.0493052
3,122,-0.140163,-0.394766,0.0965182
4,122,0.17427,-0.0646009,-0.136481
1,123,0.521444,0.138032,0.339354
2,123,0.185632,-0.130507,0.48149
3,123,0.106613,-0.281072,0.506142
4,123,0.17754,-0.198788,0.531338
1,124,-0.0117267,-0.14421,0.236169
2,124,0.0909467,-0.0446119,0.330258
3,124,-0.119932,-0.255428,0.255138
4,124,0.24286,0.124502,0.124234
1,125,-0.0670168,0.108001,-0.0161047
2,125,0.0546904,0.282877,-0.116204
3,125,-0.18468,0.124679,-0.0714717
4,125,-0.220609,-0.0252508,0.0893682
1,126,-0.0557494,0.507432,-0.45607
2,126,-0.175787,0.335858,-0.334238
3,126,-0.360571,0.226133,-0.216762
4,126,-0.388066,0.327257,-0.259687
1,127,0.690046,-0.150051,-0.462195
2,127,0.527827,-0.271783,-0.562331
3,127,0.354839,-0.412183,-0.118841
4,127,0.442677,-0.194689,-0.846106
1,128,-0.539737,-0.0219443,-0.0806743
2,128,-0.579572,-0.176249,0.0599262
3,128,-0.241408,0.22138,-0.144107
4,128,-0.530637,0.223627,0.141398
1,129,-0.563959,0.0532195,-0.0506645
2,129,-0.517506,0.194802,0.0446986
3,129,-0.16411,0.372883,-0.36024
4,129,-0.195317,0.0128365,-0.363579
1,130,0.541947,0.286379,0.284263
2,130,0.0407794,-0.192714,0.455892
3,130,0.100592,-0.187781,0.559566
4,130,-0.0741366,-0.423053,0.475335
1,131,0.193217,0.0472979,0.603025
2,131,-0.0551068,-0.296574,0.571828
3,131,-0.286805,-0.539098,0.673084
4,131,0.0700324,-0.167097,0.513361
1,132,-0.445155,-0.133463,-0.0158993
2,132,-0.517522,-0.398168,-0.144541
3,132,0.0228919,0.387388,-0.193286
4,132,-0.535907,-0.0421355,-0.48037
1,133,-0.333318,-0.0938653,-0.306768
2,133,-0.205929,0.140296,-0.278496
3,133,0.0160958,0.250237,-0.847036
4,133,-0.0829814,0.146372,-0.704313
1,134,0.213082,-0.251387,-1.04631
2,134,0.0491223,-0.280758,-0.470582
3,134,-0.190674,-0.591018,-0.277497
4,134,-0.0103884,-0.357698,-0.584192
1,135,0.476123,-0.0617396,0.348349
2,135,0.610593,0.143638,0.0810788
3,135,0.680119,0.137037,0.0340094
4,135,0.664095,0.0992625,0.113491
1,136,-0.1457,-0.559714,0.000454772
2,136,-0.0720556,-0.208752,0.00875802
3,136,0.275349,0.0886959,0.184917
4,136,0.0724298,-0.368283,0.103712
1,137,0.837788,0.226104,-0.00591719
2,137,0.840084,0.353495,0.344605
3,137,0.462366,-0.11957,0.19868
4,137,0.666084,0.0795185,0.234913
1,138,-0.0436512,-0.231529,0.276693
2,138,0.127484,-0.0700297,0.316523
3,138,0.191267,0.106167,0.209204
4,138,0.271356,-0.0701639,0.223153
1,139,-0.488581,-0.226409,0.471782
2,139,-0.260576,-0.199629,0.397025
3,139,0.0463043,0.349192,0.515166
4,139,-0.0298284,0.0744645,0.463897
1,140,-0.347438,0.0883556,-0.331483
2,140,0.0807697,0.500352,-0.369804
3,140,-0.178497,0.132923,-0.625965
4,140,-0.444296,0.041824,-0.040838
1,141,-0.682912,-0.429249,-0.195443
2,141,-0.377828,-0.137307,0.0575701
3,141,0.144375,0.50938,-0.226477
4,141,-0.0264803,0.358846,0.0260711
1,142,0.296794,0.212343,0.0335252
2,142,0.206134,0.0132379,0.147192
3,142,-0.180564,-0.284929,0.123309
4,142,0.318731,0.0547224,-0.201881
1,143,-0.105068,0.109955,-0.02806
2,143,-0.161744,0.101559,-0.0915522
3,143,-0.337602,-0.0399405,0.086754
4,143,0.00523003,0.385219,0.274477
1,144,0.0114454,-0.251732,-0.206208
2,144,-0.0383641,-0.0448277,0.0481514
3,144,0.159296,0.0344337,-0.0911663
4,144,0.012967,-0.115484,0.0853302
1,145,0.405501,0.270005,0.242254
2,145,-0.00538367,-0.209857,0.08395
3,145,-0.0510159,-0.400165,0.101586
4,145,0.280542,-0.012152,0.140155
1,146,0.0353676,-0.268347,0.334598
2,146,-0.0269487,-0.0920857,0.379592
3,146,0.388943,0.276572,0.284559
4,146,0.369823,0.295162,0.240229
1,147,-0.109298,-0.0450763,-0.210378
2,147,-0.19871,-0.121576,-0.121219
3,147,-0.287234,-0.373484,-0.418873
4,147,-0.27652,-0.202348,-0.581643
1,148,0.492815,0.201719,0.0337117
2,148,0.24334,-0.132643,-0.0849393
3,148,0.326524,-0.0706269,0.147134
4,148,0.539293,0.192969,-0.147996
1,149,-0.0347071,-0.0230228,0.305347
2,149,-0.165023,-0.103209,0.233356
3,149,0.130539,0.164166,0.336837
4,149,-0.102139,-0.173684,0.246495
1,150,0.394309,0.128906,0.920348
2,150,0.161874,-0.202392,1.00024
3,150,0.0775564,-0.323852,0.948225
4,150,-0.0465874,-0.449518,0.980101
1,151,-0.397893,0.338213,0.167599
2,151,-0.383479,0.364973,0.0568544
3,151,-0.187257,0.423276,-0.0142732
4,151,-0.386496,-0.0029939,-0.045829
1,152,-0.383598,0.124814,-0.0070428
2,152,-0.589841,-0.147848,-0.295356
3,152,-0.454326,0.000866186,-0.241401
4,152,-0.227993,0.274676,-0.140482
1,153,0.0982082,0.157935,0.717525
2,153,-0.125424,-0.134994,0.579262
3,153,0.100572,-0.0429092,0.493742
4,153,-0.00198959,-0.04723,0.596885
1,154,-0.659653,-0.0731379,-0.0231253
2,154,-0.189905,0.185278,-0.656461
3,154,-0.169419,0.211234,-0.0281743
4,154,-0.533081,0.0930831,-0.0937598
1,155,-0.163703,-0.190996,-0.0312246
2,155,0.142631,0.0650371,-0.425627
3,155,0.204179,0.138389,-0.0967766
4,155,0.279336,0.0982827,-0.285626
1,156,0.233889,-0.0838678,-0.73196
2,156,0.0296142,-0.0688928,-0.311702
3,156,0.117374,-0.147684,-0.63592
4,156,0.0948857,0.0855308,-0.217181
1,157,0.0267043,-0.0125394,0.697631
2,157,0.104784,0.206714,0.817958
3,157,0.090702,0.216145,0.863164
4,157,-0.00717694,-0.0641202,0.818633
1,158,-0.744323,-0.122544,-0.13392
2,158,0.0947702,0.567395,-0.338354
3,158,-0.512246,0.213897,-0.483106
4,158,-0.360785,0.299993,0.138395
1,159,-0.115257,-0.294135,0.321982
2,159,0.12247,0.015727,0.284435
3,159,0.371745,0.188534,0.0883219
4,159,-0.121349,-0.0962904,0.406007
1,160,0.18405,0.370854,-0.0356997
2,160,-0.0206968,-0.217683,-0.261745
3,160,-0.10766,-0.0960013,-0.309117
4,160,0.00495941,0.0424701,-0.367027
1,161,-0.0371932,-0.2026,0.602872
2,161,0.113796,-0.0297768,0.466441
3,161,0.215673,0.158481,0.657078
4,161,0.019689,-0.290064,0.577154
1,162,0.303487,0.175241,0.232788
2,162,0.102094,-0.00123823,0.359904
3,162,0.0446261,-0.32606,0.432229
4,162,0.199757,-0.0153485,0.235705
1,163,0.398506,0.301988,0.0156369
2,163,0.244339,0.10438,-0.139142
3,163,0.0921452,0.0286477,-0.00946505
4,163,-0.0313613,-0.244307,0.0546844
1,164,-0.32041,-0.552671,0.554202
2,164,0.142922,0.0669833,0.573031
3,164,0.0198274,-0.135316,0.457033
4,164,0.096012,-0.0239421,0.483104
1,165,0.138203,-0.0447261,0.66129
2,165,0.0951876,-0.155317,0.512691
3,165,0.0666308,0.062556,0.631361
4,165,0.396063,0.333753,0.671323
1,166,-0.280223,-0.357467,0.744096
2,166,0.221654,-0.0225744,0.453704
3,166,-0.135901,-0.244882,0.610344
4,166,-0.467862,-0.49407,0.6933
1,167,0.0120914,0.148446,0.088387
2,167,-0.316744,-0.0396309,0.154506
3,167,0.0837094,0.299636,-0.0471018
4,167,-0.262536,-0.126733,0.0726251
1,168,0.324729,0.25973,-0.0701767
2,168,0.00760335,-0.0747147,-0.252804
3,168,-0.140186,-0.180084,0.151848
4,168,0.144876,0.0724899,0.144076
1,169,-0.0507721,0.220542,-0.077969
2,169,-0.372533,-0.032749,0.0910336
3,169,-0.230097,0.193435,-0.256726
4,169,-0.290761,-0.0491589,0.00378907
1,170,-0.290292,-0.631708,0.560356
2,170,0.412042,0.126779,0.305064
3,170,0.553544,0.252438,0.150885
4,170,0.229939,-0.0355063,0.366839
1,171,-0.192703,0.00621186,-0.393551
2,171,0.0294956,0.313854,-0.33869
3,171,-0.262386,-0.172224,-0.781041
4,171,-0.0790985,0.372934,-0.351716
1,172,-0.692219,-0.0722794,-0.379793
2,172,-0.0512906,0.493475,-0.237711
3,172,-0.552266,0.171317,-0.0622331
4,172,-0.733274,0.0111559,-0.170287
1,173,-0.116044,-0.00635977,-0.0365025
2,173,0.325811,0.270444,-0.319268
3,173,-0.0844613,-0.212939,-0.576109
4,173,-0.272262,-0.340093,-0.475012
1,174,-0.192095,0.120511,0.270988
2,174,-0.287817,-0.01081,0.471891
3,174,-0.0664156,0.166255,0.274247
4,174,-0.134823,0.309254,0.302277
1,175,0.132762,-0.0932865,0.139142
2,175,0.110784,-0.106569,0.0952601
3,175,0.378184,0.128312,-0.133861
4,175,-0.0609981,-0.370398,-0.064507
1,176,0.198209,-0.181935,1.17615
2,176,0.315959,0.0392039,1.26618
3,176,0.105396,-0.287217,1.16837
4,176,0.194332,-0.147278,1.11346
1,177,0.227093,-0.317517,0.470185
2,177,0.289584,-0.289622,0.405506
3,177,0.494726,-0.0424133,0.158849
4,177,0.642568,0.10104,0.00148314
1,178,-0.189774,-0.0147113,0.584536
2,178,0.0305044,0.202116,0.45437
3,178,-0.0224677,0.228191,0.669658
4,178,-0.195459,0.299688,0.578737
1,179,-0.278276,0.35092,-0.545847
2,179,-0.208494,0.524094,-0.641899
3,179,-0.445773,0.0557687,-0.398712
4,179,-0.333034,0.296877,-0.147815
1,180,-0.401419,0.0121381,-1.44751
2,180,-0.347379,0.110473,-0.733851
3,180,-0.278511,0.117115,-0.841055
4,180,-0.35392,0.0119017,-0.452598
1,181,-0.0230658,-0.231472,0.0991304
2,181,-0.0239382,-0.227666,0.18358
3,181,-0.126494,-0.540091,0.00740356
4,181,0.0725245,-0.0209064,-0.109527
1,182,0.455978,-0.174022,0.128897
2,182,0.443135,-0.150108,0.0215905
3,182,0.590318,0.0143589,0.169388
4,182,0.605839,-0.173904,-0.226027
1,183,0.240033,-0.0620823,-0.135339
2,183,0.14917,-0.313864,-0.0178101
3,183,-0.0883682,-0.388652,0.182958
4,183,0.31649,-0.0244772,-0.0376889
1,184,-0.137447,0.547162,-0.247926
2,184,-0.452434,0.170097,-0.439612
3,184,-0.0752577,0.5743,0.199789
4,184,-0.318403,0.353314,0.0705464
1,185,-0.160864,-0.654258,-1.15379
2,185,-0.0770522,-0.547736,-1.12278
3,185,0.0291013,-0.500952,-0.887349
4,185,-0.156753,-0.723928,-0.948236
1,186,-0.265064,-0.274748,0.63977
2,186,0.263405,0.206324,0.484543
3,186,0.0438022,-0.131507,0.595506
4,186,-0.0739474,-0.1337,0.547568
1,187,-0.430502,0.406595,0.226021
2,187,-0.228185,0.317549,0.0952577
3,187,-0.561892,0.277502,0.00931824
4,187,-0.331942,0.398174,0.38451
1,188,0.301646,0.122197,0.766558
2,188,0.28232,0.0993092,0.555399
3,188,-0.030886,-0.229386,0.741026
4,188,0.218489,0.0401242,0.742947
1,189,-0.0873594,-0.126027,0.810891
2,189,-0.136934,-0.354465,0.780047
3,189,-0.170828,-0.277227,0.662471
4,189,-0.131876,-0.23193,0.721723
1,190,0.039228,-0.0387925,-0.568131
2,190,0.406142,0.361665,-0.140705
3,190,-0.114656,-0.043755,-0.0827837
4,190,-0.0182636,-0.14128,-0.57019
1,191,-0.00174487,-0.18667,-0.853749
2,191,0.201622,0.445371,-0.598339
3,191,-0.0973736,-0.0312871,-0.707494
4,191,0.090408,0.211535,-0.591167
1,192,0.284496,-0.216854,-0.0672713
2,192,0.426928,-0.124711,-0.296065
3,192,0.422989,-0.066421,-0.603381
4,192,0.223007,-0.324039,-0.169379
1,193,-0.146838,-0.0951217,-1.28828
2,193,-0.334871,-0.223524,-1.54541
3,193,-0.142958,-0.241304,-1.22305
4,193,-0.316129,-0.268472,-0.656968
1,194,0.467848,0.297919,0.199483
2,194,-0.0493527,-0.507672,0.269224
3,194,-0.0761147,-0.508805,0.129866
4,194,0.305462,-0.0512012,0.0502951
1,195,0.064147,-0.285805,0.348852
2,195,-0.089813,-0.56499,0.275964
3,195,0.230999,-0.124441,0.0515723
4,195,0.296906,0.0041799,0.44354
1,196,0.0760073,-0.145822,-0.469278
2,196,0.200373,-0.180689,-0.858614
3,196,0.0385588,-0.0760776,-0.208502
4,196,-0.154394,-0.58709,-0.057725
1,197,-0.267214,-0.108696,0.398436
2,197,-0.00617206,0.157142,0.424031
3,197,-0.0319133,0.0961642,0.390335
4,197,-0.316747,-0.238975,0.529748
1,198,-0.078987,-0.539634,-0.473599
2,198,0.133012,-0.244703,-0.692748
3,198,0.281478,-0.255908,-0.471076
4,198,0.276446,-0.159761,-0.779426
1,199,0.0921088,0.0962632,-0.736385
2,199,-0.1556,-0.0137646,-0.480469
3,199,0.0855893,0.0576096,-0.589648
4,199,0.0166891,0.315114,-0.890392
1,200,0.168586,-0.0583475,-0.386014
2,200,0.0440515,-0.0751544,-0.249455
3,200,-0.190763,-0.404676,-0.0733998
4,200,-0.123321,-0.342574,-0.319491
1,201,0.189491,-0.158614,-0.237496
2,201,0.0617529,-0.284398,0.194064
3,201,0.12101,-0.0636014,-0.259473
4,201,-0.226342,-0.661004,0.0130589
1,202,-0.0816189,0.162445,0.28863
2,202,-0.33098,-0.251494,0.300572
3,202,-0.0356379,0.178186,0.211332
4,202,-0.262989,-0.0168083,0.333807
1,203,0.110053,-0.18215,0.28779
2,203,0.233743,0.0423551,0.467706
3,203,0.114246,-0.218066,0.423372
4,203,0.206949,-0.0574706,0.110419
1,204,0.292746,-0.0275885,-0.212974
2,204,0.174857,-0.0359021,-0.229247
3,204,0.13141,-0.00658406,0.11518
4,204,0.00922031,-0.376842,-0.100589
1,205,-0.263882,0.172116,-1.09486
2,205,-0.22444,0.169615,-0.911369
3,205,-0.331118,0.0374909,-0.765
4,205,-0.225569,-0.0409775,-1.2654
1,206,0.0706644,-0.236871,0.874786
2,206,0.3545,0.0426043,0.763764
3,206,0.496501,-0.0101839,0.969758
4,206,0.158144,-0.0422869,0.841847
1,207,0.205431,0.142035,0.768708
2,207,0.3493,0.339928,0.6144
3,207,0.0670105,0.104321,0.7112
4,207,-0.133948,-0.213659,0.572664
1,208,-0.0616125,0.313955,0.0120573
2,208,-0.226867,0.126978,-0.0200212
3,208,-0.19958,0.418501,-0.0991358
4,208,-0.243076,0.1954,0.148744
1,209,-0.643278,0.0194701,-0.067984
2,209,-0.56225,0.393682,-0.141351
3,209,-0.332022,0.300289,-0.26982
4,209,-0.605849,0.0175039,-0.212439
1,210,0.133008,-0.0618137,0.0243026
2,210,0.129494,-0.211299,-0.075478
3,210,0.220116,-0.143841,-0.259374
4,210,0.457169,0.2545,-0.050455
1,211,0.524504,0.300526,0.472132
2,211,0.354414,0.0371212,0.283616
3,211,0.10161,-0.23842,0.392611
4,211,0.580596,0.268775,0.220524
1,212,-0.129369,-0.123656,0.832491
2,212,-0.139048,-0.0621311,0.707447
3,212,-0.0263101,-0.133575,1.00834
4,212,0.0656904,0.0168507,1.07323
1,213,-0.0203376,-0.0820568,-0.0826853
2,213,-0.100734,-0.204901,0.187551
3,213,-0.0822728,-0.359398,-0.0435077
4,213,-0.101513,-0.217621,0.0935797
1,214,-0.413135,0.100075,-0.780823
2,214,-0.548088,0.598387,-0.955149
3,214,-0.244285,0.403541,-0.865416
4,214,-0.176091,0.549568,-0.866773
1,215,-0.0591923,0.301665,-0.0743898
2,215,-0.146612,0.299369,-0.0367412
3,215,-0.724963,-0.258424,0.0491911
4,215,0.110635,0.303458,-0.202302
1,216,-0.291863,-0.0233803,0.359787
2,216,-0.0439095,0.269095,0.284154
3,216,-0.332173,-0.0924356,0.319411
4,216,0.0556078,0.21299,0.228319
1,217,-0.791413,0.229356,0.0868895
2,217,-0.424933,0.4427,0.0856049
3,217,-0.681304,0.454926,0.0522419
4,217,-0.479228,0.458164,0.146432
1,218,-0.187537,-0.105945,0.347786
2,218,-0.154814,0.0531755,-0.0168673
3,218,0.21277,0.588975,0.315794
4,218,-0.150961,0.137781,0.250751
1,219,-0.336966,-0.265281,-0.140784
2,219,-0.0933585,-0.18868,-0.138504
3,219,-0.0362143,0.0300837,-0.333872
4,219,0.269791,0.289865,-0.64037
1,220,0.0334483,-0.0421886,0.573043
2,220,0.090602,0.131738,0.451951
3,220,0.259416,0.11412,0.329519
4,220,0.129901,0.128034,0.425211
1,221,0.0525642,-0.105974,0.214171
2,221,0.195861,-0.413712,-0.0870124
3,221,0.0446084,-0.35501,0.17282
4,221,0.31836,-0.11014,0.287322
1,222,-0.167076,-0.129642,-0.710529
2,222,-0.0882089,-0.0173523,-0.732332
3,222,-0.0243925,0.0498837,-0.633913
4,222,-0.0457175,-0.139213,-0.859657
1,223,-0.116862,0.0981895,0.186074
2,223,-0.171377,0.28839,0.348922
3,223,-0.461069,-0.0375544,0.0829052
4,223,-0.219349,0.177585,0.301627
1,224,0.273269,0.0608559,-1.45182
2,224,0.0230021,0.224027,-0.711446
3,224,-0.225124,0.223918,-0.907968
4,224,0.113051,0.57148,-0.941942
1,225,-0.316652,0.280919,-0.495015
2,225,-0.204611,0.261031,-0.479162
3,225,-0.190489,0.306654,-0.745098
4,225,-0.228829,0.247011,-0.210188
1,226,0.183393,0.147339,0.393194
2,226,0.0221831,0.152618,0.578049
3,226,0.442,0.564579,0.613935
4,226,0.0557476,0.198663,0.681014
1,227,0.674138,0.217691,-0.448579
2,227,0.34856,-0.211495,-0.38031
3,227,0.531676,0.0839645,-0.121498
4,227,0.382154,-0.010874,-0.212656
1,228,-0.143298,0.0517852,-0.728935
2,228,-0.192638,0.0271979,-0.848667
3,228,-0.00803902,0.190978,-0.939293
4,228,0.137024,0.304164,-0.778694
1,229,-0.0491227,-0.250391,0.638572
2,229,-0.103021,-0.439857,0.638319
3,229,-0.029884,-0.163326,0.831574
4,229,0.0122265,-0.231534,0.718839
1,230,-0.21256,0.0452395,0.216041
2,230,0.0866307,0.568485,0.583948
3,230,-0.299001,-0.00112573,0.391817
4,230,-0.0853294,0.296955,0.494283
1,231,0.331906,0.0600155,0.308
2,231,0.386382,-0.0181027,0.361613
3,231,0.715675,0.552414,0.300715
4,231,0.175021,-0.165071,0.594245
1,232,0.435654,0.0193427,-0.115391
2,232,0.399165,-0.0842942,-0.307713
3,232,0.31454,-0.0997463,-0.162662
4,232,0.282708,-0.16409,0.113294
1,233,-0.0568599,-0.583245,0.352541
2,233,0.5551,0.256144,-0.0231269
3,233,0.445535,-0.00229749,0.24774
4,233,0.239998,-0.27955,0.204961
1,234,-0.31814,0.215947,-0.748144
2,234,-0.433478,0.000274086,-0.628573
3,234,-0.391467,0.237202,-1.25425
4,234,-0.424063,0.0930036,-1.35479
1,235,-0.559117,-0.0810751,-0.91707
2,235,-0.364737,0.304618,-0.871761
3,235,-0.301359,0.441664,-0.948544
4,235,-0.257057,0.34476,-1.20229
1,236,0.132424,0.00475402,0.497048
2,236,0.14079,0.101432,0.944105
3,236,-0.0736349,-0.135902,0.679355
4,236,0.109209,-0.0843017,0.835949
1,237,0.319704,0.0326693,-0.0695417
2,237,0.109699,-0.234322,-0.118812
3,237,0.419008,0.182988,-0.254719
4,237,0.302603,-0.130864,-0.0783701
1,238,0.361193,0.427955,-0.0558027
2,238,-0.00126322,-0.0761394,-0.228246
3,238,-0.198918,-0.508523,-0.543103
4,238,-0.283929,-0.121599,-0.0367924
1,239,-0.243233,-0.121349,0.0369077
2,239,-0.202912,-0.0445183,0.350302
3,239,-0.138786,-0.0221488,-0.0936382
4,239,0.0115534,-0.00995081,-0.0657525
1,240,-0.165582,0.00794657,0.192938
2,240,0.108901,0.414028,0.178753
3,240,-0.556747,-0.140452,0.149235
4,240,-0.131025,0.0506157,0.236919
1,241,0.435905,0.200555,0.0806909
2,241,0.411208,0.230104,0.318011
3,241,0.00819758,-0.35641,0.303753
4,241,0.00115958,-0.295241,0.431673
1,242,-0.249684,-0.0991578,0.342107
2,242,-0.510822,-0.254462,-0.0729324
3,242,-0.143796,0.0394289,-0.0511749
4,242,0.0539801,0.350611,0.0927239
1,243,0.298691,-0.165861,0.533861
2,243,0.724906,0.267813,0.52685
3,243,0.656825,0.159766,0.448271
4,243,0.706412,0.289278,0.509396
1,244,0.153872,-0.124844,-0.574948
2,244,0.0675002,0.0778651,0.159503
3,244,-0.134576,-0.251255,0.150683
4,244,-0.00120283,-0.0198029,0.0334517
1,245,-0.139537,-0.287283,-0.35497
2,245,-0.0777342,-0.181345,-0.130302
3,245,0.0953086,-0.0075339,-0.465889
4,245,-0.148184,-0.0601156,-0.369273
1,246,0.153439,0.189575,0.14721
2,246,0.240826,0.115469,0.0425106
3,246,0.182289,0.0501759,0.120557
4,246,0.0905503,-0.114612,-0.262274
1,247,-0.00562551,-0.404818,0.169919
2,247,0.381354,0.220946,0.188197
3,247,0.335011,0.035427,0.0562001
4,247,0.111029,-0.0592469,0.194345
1,248,0.234099,-0.101522,-0.235796
2,248,0.174621,-0.332948,-0.213949
3,248,0.147063,-0.215973,-0.0389722
4,248,0.265271,0.0191204,0.0195376
1,249,0.237256,0.224804,-0.702496
2,249,-0.0347206,-0.032918,-0.452612
3,249,-0.119787,-0.19749,-0.530837
4,249,0.0531246,0.130991,-0.519336
1,250,0.103506,-0.124735,0.335148
2,250,-0.0442097,-0.160559,0.391656
3,250,-0.363,-0.46221,0.355616
4,250,0.00636445,-0.182853,0.425207
1,251,-0.0519059,-0.272197,0.617545
2,251,-0.458669,-0.567342,0.671837
3,251,-0.0958661,-0.161118,0.474775
4,251,-0.399124,-0.653129,0.608752
1,252,-0.0277038,0.272701,0.236663
2,252,-0.45468,-0.125352,0.261442
3,252,-0.00586456,0.247357,-0.0224959
4,252,0.282628,0.560079,-0.186909
1,253,-0.470304,-0.0405166,0.0561381
2,253,-0.261986,-0.135819,-0.225723
3,253,-0.168212,0.326402,-0.0969377
4,253,-0.0175176,0.272204,-0.0269079
1,254,0.110546,-0.144622,-0.761525
2,254,0.13062,0.146169,-0.247126
3,254,0.168936,0.107097,-0.854347
4,254,0.127561,-0.0383508,-0.714269
1,255,-0.336678,-0.102329,0.199045
2,255,-0.387217,-0.216058,0.334054
3,255,-0.420659,-0.172996,0.147326
4,255,-0.11831,0.0565557,-0.0566654
1,256,-0.0676227,-0.252073,0.672827
2,256,0.403493,0.238882,0.567222
3,256,-0.0408257,-0.103602,0.789707
4,256,-0.0601825,-0.276385,0.752307
1,257,-0.330046,-0.0641126,0.34373
2,257,-0.242533,-0.217989,0.158072
3,257,-0.103168,0.10415,0.250967
4,257,-0.470364,-0.465204,0.287594
1,258,0.165018,-0.102706,0.708502
2,258,0.202223,0.020397,0.81035
3,258,0.24952,0.0353676,0.671844
4,258,-0.00919753,-0.150028,0.585701
1,259,0.297289,0.345258,0.12749
2,259,-0.323104,0.0839535,0.481866
3,259,0.0984763,0.290627,-0.0895505
4,259,-0.0672572,0.246109,0.344676
1,260,0.6741,0.0870997,-0.205367
2,260,0.687222,0.205156,0.0356279
3,260,0.786684,0.393325,-0.220183
4,260,0.423515,-0.13549,-0.255955
1,261,-0.379526,-0.187716,-0.918511
2,261,-0.421335,-0.216858,-0.845222
3,261,-0.321097,0.0100503,-0.818453
4,261,0.00345852,0.450384,-1.11044
1,262,-0.12493,-0.265548,0.406363
2,262,0.191119,0.137915,0.473321
3,262,0.0586187,-0.000748962,0.425963
4,262,-0.0799808,-0.124774,0.460199
1,263,-0.163937,-0.187883,-0.905805
2,263,0.303003,0.454329,-0.946324
3,263,-0.0937434,0.158157,-0.833758
4,263,-0.144759,-0.0926939,-0.97204
1,264,0.276147,0.619599,-0.412447
2,264,0.109081,0.305016,-0.32669
3,264,0.0179572,0.00530428,-0.518542
4,264,-0.427464,-0.175743,-0.197462
1,265,0.151424,0.0256418,0.197382
2,265,0.00260572,-0.0668203,0.266732
3,265,-0.154674,-0.0885952,0.537078
4,265,0.221281,0.103618,0.13154
1,266,0.235703,-0.0549866,-0.137066
2,266,-0.16714,-0.339964,-0.151216
3,266,0.217745,0.0390869,-0.191845
4,266,0.022608,-0.3666,-0.442113
1,267,-0.106859,-0.267327,0.311667
2,267,0.135209,0.105879,0.540212
3,267,-0.0344895,-0.185297,0.353317
4,267,-0.027762,-0.157428,0.204618
1,268,-0.10864,-0.156589,0.798977
2,268,-0.0518685,-0.290894,0.61594
3,268,-0.177021,-0.235372,0.670586
4,268,-0.182891,-0.348855,0.675276
1,269,0.0166925,-0.00708704,1.20687
2,269,-0.0991331,-0.336329,0.979559
3,269,-0.111803,-0.246968,1.16791
4,269,-0.129138,-0.248839,1.18949
1,270,-0.108517,-0.242073,0.330278
2,270,-0.130781,-0.232987,0.369831
3,270,-0.0148281,-0.217369,0.277497
4,270,-0.0828191,-0.348835,0.301672
1,271,-0.140276,-0.183239,0.759907
2,271,0.049274,0.123144,0.796629
3,271,-0.169348,-0.12163,0.866729
4,271,0.158743,-0.0211842,0.619544
1,272,0.495438,0.467278,0.346768
2,272,0.26217,0.14106,0.132124
3,272,0.18391,0.18067,0.276804
4,272,0.212406,0.0786888,0.13936
1,273,-0.127868,0.226582,-1.05591
2,273,-0.046516,0.483167,-0.564687
3,273,-0.328321,0.240719,-0.0506813
4,273,-0.140922,-0.104678,-0.683418
1,274,0.952573,0.452495,0.401241
2,274,0.733493,0.119597,0.366969
3,274,0.75762,0.229553,0.366082
4,274,0.507025,-0.031934,0.291866
1,275,-0.0157312,0.0440115,0.659424
2,275,0.257873,0.00416289,0.659906
3,275,0.0758696,-0.0445395,0.421007
4,275,-0.0639565,-0.138279,0.571939
1,276,-0.2033,-0.277261,-0.87853
2,276,-0.0260151,-0.0320256,-0.878034
3,276,0.0451727,0.197491,-0.365724
4,276,-0.0202929,0.090353,-0.49744
1,277,-0.157807,-0.635595,0.675362
2,277,0.0937084,-0.290402,0.64557
3,277,-0.20619,-0.491006,0.640359
4,277,0.191324,-0.188909,0.717886
1,278,-0.14902,0.212202,-0.424092
2,278,-0.224677,0.222978,-0.366112
3,278,-0.0201225,0.588184,-0.468
4,278,-0.00288067,0.36972,-0.612077
1,279,0.0636541,0.097782,-0.513682
2,279,-0.016327,-0.0127192,0.0202346
3,279,0.0092825,0.142025,-0.242913
4,279,-0.126788,0.101509,-0.207759
1,280,0.224838,-0.216028,-0.517882
2,280,-0.0335981,-0.345423,-0.0691128
3,280,0.464522,0.192949,-0.157061
4,280,0.0936621,-0.40941,-0.388753
1,281,-0.904394,0.150455,-1.15671
2,281,-0.893564,-0.0169398,-0.90685
3,281,-1.09557,0.125218,-0.84651
4,281,-0.740133,0.458419,-0.747147
1,282,-0.278365,0.483262,-0.678487
2,282,0.0613129,0.494271,-1.14709
3,282,-0.190036,0.695035,-0.562024
4,282,-0.286868,0.352741,-0.92341
1,283,0.0504952,-0.308934,-0.276551
2,283,-0.0836019,-0.479829,-0.243428
3,283,-0.0625986,-0.31583,0.0938176
4,283,0.195892,-0.0977589,0.14301
1,284,-0.146676,0.0427835,-0.791627
2,284,-0.143085,-0.116599,-0.181103
3,284,-0.365794,-0.423883,-0.214435
4,284,-0.335667,-0.217991,-0.214996
1,285,-0.177248,0.102216,-1.43812
2,285,0.0874716,0.0670838,-0.924913
3,285,-0.221869,-0.24042,-0.703806
4,285,-0.0831136,-0.0111243,-0.915611
1,286,-0.132381,0.0522138,0.437188
2,286,0.0671255,0.406848,0.27827
3,286,0.167419,0.281454,0.181944
4,286,0.0514143,0.237072,0.323082
1,287,0.410936,-0.117331,0.317673
2,287,0.515618,-0.0600362,0.0862235
3,287,0.593141,0.14559,0.0834273
4,287,0.447465,0.0122269,0.0524277
1,288,-0.770166,0.513313,-0.0214994
2,288,-0.599765,0.48606,0.0287029
3,288,-0.759761,0.250178,-0.209659
4,288,-0.242249,0.652416,-0.433246
1,289,0.0015148,-0.43491,-0.078154
2,289,0.00601666,-0.193288,0.0976521
3,289,0.123012,-0.218954,-0.100547
4,289,-0.139593,-0.404491,-0.215265
1,290,0.0445391,-0.465988,0.268566
2,290,0.0497211,-0.285533,0.345424
3,290,-0.0232633,-0.432752,0.431722
4,290,0.133753,-0.348342,0.204316
1,291,-0.0435039,0.145357,-0.299901
2,291,-0.301176,0.0471516,-0.40463
3,291,-0.0628407,0.362067,-0.385669
4,291,-0.414027,-0.147922,-0.561808
1,292,0.326627,-0.120221,-0.136395
2,292,0.103823,-0.286232,0.261111
3,292,-0.0797776,-0.481195,0.110238
4,292,0.115091,-0.341188,0.0837321
1,293,0.144071,-0.166529,0.102337
2,293,0.219632,-0.114729,0.182937
3,293,0.0952224,-0.116991,-0.187879
4,293,0.220726,-0.125355,-0.0763152
1,294,-0.106255,0.872748,-1.54923
2,294,-0.679187,0.316014,-1.33652
3,294,-0.225854,0.546947,-0.828772
4,294,-0.626005,0.396688,-0.702649
1,295,-0.244932,0.270839,-0.803841
2,295,-0.276863,0.221255,-0.293679
3,295,-0.470274,0.170957,-0.375923
4,295,-0.542938,0.11515,-0.785744
1,296,0.591185,0.125805,0.266024
2,296,0.354307,-0.152569,0.46552
3,296,0.280561,-0.239569,0.505749
4,296,0.631236,-0.0240299,0.110209
1,297,0.0520598,0.0116737,0.151114
2,297,0.140325,0.0265903,-0.0213213
3,297,-0.0121162,-0.170256,-0.0930522
4,297,0.00986726,-0.0523959,0.117505
1,298,0.0884662,-0.0202982,0.336085
2,298,0.0138511,-0.101147,0.199384
3,298,0.167421,0.076365,-0.211916
4,298,0.0528452,-0.0387267,0.185074
1,299,0.337398,-0.0608785,0.358664
2,299,0.413625,0.0382293,0.327461
3,299,-0.0756228,-0.40039,0.189706
4,299,0.18886,-0.109099,0.550918
1,300,-0.110605,-0.22544,0.263725
2,300,-0.182369,-0.154206,0.303446
3,300,0.175726,0.292961,0.491016
4,300,0.160453,0.116279,0.363701
1,301,0.489979,0.127425,0.0593876
2,301,0.558476,0.105985,-0.0102425
3,301,0.439045,0.0271314,-0.172214
4,301,0.36668,-0.0610204,0.0357132
1,302,-0.515423,0.289596,-0.342723
2,302,-0.469115,0.26778,-0.24445
3,302,-0.324786,0.373061,-0.170604
4,302,-0.436436,0.466124,0.0474307
1,303,-0.0599767,-0.0919422,-0.601076
2,303,0.0883357,0.0541148,-0.94488
3,303,0.0774947,-0.0602456,-0.703402
4,303,0.140175,-0.192774,-0.595061
1,304,-0.77101,0.223429,-0.342197
2,304,-0.452595,0.238617,-0.746166
3,304,-0.59509,0.33736,-0.347889
4,304,-0.357705,0.692108,-0.835556
1,305,-0.569811,0.273753,-1.19593
2,305,-0.637611,0.0594806,-0.844859
3,305,-0.767137,0.173712,-0.861377
4,305,-0.406435,0.41288,-0.86942
1,306,0.355104,0.0316962,-0.238376
2,306,0.332949,-0.0929496,-0.052715
3,306,0.519146,0.110653,-0.889317
4,306,0.269074,-0.0949144,-0.482087
1,307,-0.291909,0.0970057,-0.0260621
2,307,0.0272295,0.293166,-0.115061
3,307,-0.306676,-0.00278427,-0.128798
4,307,-0.26449,0.114542,-0.150518
1,308,-0.396948,0.0418854,-1.11782
2,308,-0.266933,0.216096,-0.639002
3,308,-0.209668,0.24437,-0.723422
4,308,-0.614126,-0.0096748,-0.741451
1,309,0.081793,-0.122384,-0.55995
2,309,-0.156877,-0.531556,-0.635459
3,309,0.156411,0.0451633,-0.895199
4,309,0.0842039,-0.214056,-0.777034
1,310,0.0555787,-0.21366,-0.500736
2,310,0.0256728,-0.131019,-1.09971
3,310,-0.0991012,-0.329266,-0.535399
4,310,-0.157992,-0.44749,-0.489477
1,311,-0.540238,0.594162,-0.442894
2,311,-0.629551,0.307052,-0.74524
3,311,-0.671411,-0.0569649,-0.988223
4,311,-0.891372,-0.214635,-0.945026
1,312,0.247034,-0.198966,-0.432994
2,312,0.486412,0.0316091,-0.886598
3,312,0.296722,0.0033606,-0.50897
4,312,-0.0379554,-0.460435,-0.508318
1,313,0.340917,0.267176,-0.165242
2,313,0.463173,0.401483,-0.372909
3,313,0.0656417,-0.0853282,-0.0614799
4,313,-0.0812557,-0.187941,-0.241122
1,314,-0.534225,-0.122741,-0.995273
2,314,-0.303007,0.0143493,-0.724888
3,314,-0.500763,-0.0396171,-0.526329
4,314,-0.358014,0.0621106,-0.468175
1,315,-0.39164,0.165977,-1.26993
2,315,-0.128418,0.487948,-0.900622
3,315,-0.478681,-0.351417,-1.47641
4,315,-0.527074,-0.270261,-1.0516
1,316,0.276264,-0.0711394,0.154777
2,316,0.4727,0.0234272,0.313419
3,316,0.386963,0.0968839,0.539473
4,316,0.102945,-0.339632,0.378492
1,317,0.192375,0.317016,-0.39424
2,317,0.111371,0.360806,0.0730721
3,317,-0.0840055,0.260824,0.129916
4,317,-0.258687,0.224727,0.153124
1,318,-0.0688205,-0.25841,-1.79217
2,318,-0.140041,-0.493354,-1.11173
3,318,-0.180736,-0.636864,-0.973369
4,318,-0.125859,-0.649455,-1.17791
1,319,0.036859,-0.202779,0.365475
2,319,0.204748,-0.165272,0.253196
3,319,0.119965,-0.232849,0.27158
4,319,0.317583,0.032051,0.361439
1,320,0.034521,0.0902024,-0.0785287
2,320,-0.251774,-0.183624,0.0771743
3,320,-0.102679,0.0176941,-0.0817988
4,320,-0.262558,-0.0829046,0.186357
