rep,id,V0,delta
1,1,44645.8229032611,0.147472360433009
2,1,15792.5874278297,0.17583637429797
3,1,387546.228684277,0.165989199727261
4,1,112352.178044329,0.147315838949793
1,2,30929.4727348468,0.158244998741127
2,2,18247.2617432808,0.149995864692294
3,2,20636.8206711075,0.141365062243181
4,2,16745.6927822565,0.164407801913104
1,4,64646.3814583832,0.163252067524933
2,4,23268.8254288652,0.167829166526598
3,4,205497.178262659,0.171701610713075
4,4,41352.2422375295,0.120666336051172
1,5,59874.4755924078,0.160971053278415
2,5,34411.937180411,0.151224769310833
3,5,15426.5145206777,0.153027897845161
4,5,69698.2634077094,0.139147796661359
1,6,66132.024160389,0.146649711904677
2,6,89118.2734735623,0.166266491697322
3,6,42913.8759380438,0.142341494783002
4,6,26767.8885880426,0.138336179389564
1,7,174209.086968598,0.123962887474696
2,7,411293.49744537,0.145121237867615
3,7,392881.427049877,0.154525280713136
4,7,111699.389999422,0.150019963696315
1,8,89873.4970080255,0.145043784163958
2,8,48302.2195580882,0.15650868524732
3,8,55276.5913498277,0.179587426530522
4,8,127229.195979846,0.158869237721511
1,9,36539.3848610286,0.144352727329007
2,9,55635.132681095,0.138197223720541
3,9,39822.8955736469,0.148105314526344
4,9,60281.4417513413,0.145978108393412
1,10,215780.299962429,0.168225619518976
2,10,67079.0470556766,0.141674216745325
3,10,95345.7126908673,0.140343624199849
4,10,138666.28170118,0.140763321282636
1,11,21856.8090347954,0.145015818216907
2,11,35950.9162165359,0.153368008469464
3,11,17746.0770877384,0.144018347130406
4,11,30200.9020376392,0.142459468073572
1,14,18979.0880943342,0.145667019279546
2,14,75814.5336867443,0.16529438336455
3,14,36229.7435630588,0.158631670080673
4,14,10622.1636555886,0.168374062144479
1,16,53975.0885733927,0.126251752615447
2,16,18003.4848329903,0.163189704411747
3,16,45618.0700674029,0.157219386088847
4,16,7001.28941476799,0.164932686688136
1,17,24574.17261217,0.162078020996446
2,17,24690.6448421908,0.168341960467863
3,17,24099.5594284098,0.145573158618214
4,17,34534.7402470658,0.163788574206184
1,22,15822.8899672426,0.152953587566366
2,22,10613.9666279391,0.143357677176531
3,22,8240.11986717163,0.155759868574777
4,22,13271.5912304557,0.15362341265585
1,23,5547.17718732833,0.137809389839378
2,23,19075.8066638179,0.170814438839441
3,23,16092.5708164467,0.133977091503954
4,23,865.533014256818,0.17123303265225
1,24,3765.50804472853,0.132993114954023
2,24,341.268170241448,0.157186189013269
3,24,5069.6803255277,0.158976830861634
4,24,1936.55053034305,0.142628236714586
1,26,6812.22325947562,0.148733503752686
2,26,6902.26977756445,0.132162135062617
3,26,4660.7805659932,0.169770963033928
4,26,9269.40293565926,0.154574599989124
1,27,455123.684099507,0.156814160297531
2,27,211090.355124527,0.133518243813632
3,27,337390.816876987,0.161900569695205
4,27,164398.486357741,0.148568408229959
1,28,205157.223721044,0.142985108860003
2,28,145328.689382118,0.16609189435415
3,28,72920.1284624885,0.147861923196385
4,28,184585.232184469,0.152417840130769
1,29,184129.559825374,0.166254133846539
2,29,223611.629105007,0.145023784074452
3,29,407008.742297172,0.171276885896826
4,29,535346.272511879,0.163226835362832
1,30,19464.1485252456,0.165313447865795
2,30,57337.2835266115,0.141647843436012
3,30,17855.9327522033,0.162919424236024
4,30,24685.3642792408,0.149290811905157
1,31,11742.1099859828,0.141975241778901
2,31,25485.3919561441,0.151474091145233
3,31,14142.411316924,0.150078684679258
4,31,27300.5368763872,0.167237844843529
1,32,556522.516142768,0.171104227680872
2,32,1035225.97517739,0.151825196330676
3,32,135416.110156953,0.145536545213979
4,32,162404.232188721,0.15199106396573
1,33,348459.027926803,0.170095271754058
2,33,268609.154091844,0.146884167840402
3,33,161168.054794616,0.144232873805794
4,33,174328.0949609,0.159852262862861
1,34,58277.7547317458,0.144747512430293
2,34,98662.1844501589,0.174955717098462
3,34,14580.127823092,0.148990060684624
4,34,17457.6742750716,0.142857850688854
1,35,26234.0113285291,0.153901719842091
2,35,26831.1313657826,0.150032348303637
3,35,6595.35598152481,0.145328185151462
4,35,6348.73262504985,0.166606440154075
1,36,22237.3643878706,0.175817053812201
2,36,30067.6692336827,0.151926561405252
3,36,6557.21357053437,0.161879968779787
4,36,30947.5307927293,0.157101585546975
1,41,20830.0062152117,0.149271051961998
2,41,43334.3046610266,0.148754883859753
3,41,19541.0865637572,0.157058628614565
4,41,26465.8938399092,0.137471665092226
1,43,4500.16332163772,0.140169945623161
2,43,4325.61998890566,0.134060168803209
3,43,26606.9792882961,0.149181933516139
4,43,41246.2964750253,0.156103382169771
1,48,14846.3632350296,0.159975779407306
2,48,6024.85720453975,0.133716290357565
3,48,6788.04110313019,0.153662899320682
4,48,14169.4598174232,0.129006052880164
1,50,8128.99611263434,0.174474799456071
2,50,4408.2546381031,0.161758931411549
3,50,8647.05561530342,0.175004033735208
4,50,6157.17329223811,0.146449450604703
1,51,8929.81974757815,0.150996351878143
2,51,39917.1793074891,0.139946651119604
3,51,4174.85115209077,0.142086198195043
4,51,44672.1049428015,0.144693237909846
1,54,293114.631825625,0.1406495537011
2,54,1616773.8825363,0.162738175625034
3,54,3545537.69226403,0.13068068132582
4,54,2162029.49374555,0.154114667390368
1,55,19057.9323542648,0.139126692398824
2,55,43094.410932494,0.145612730029266
3,55,29866.487330228,0.157056633410509
4,55,8083.17503996538,0.160297742808438
1,60,45838.4390307101,0.143078746991202
2,60,88144.9131027853,0.147255232712083
3,60,72881.7621661645,0.148134685869805
4,60,67228.2448454412,0.154725906442341
1,61,8381.81945846964,0.17449590221202
2,61,6207.861474982,0.145373931399238
3,61,12885.3286967788,0.177019442618023
4,61,4802.30702440604,0.150153004917469
1,64,8408.48214471384,0.152961573982324
2,64,9735.00611939228,0.146970658395196
3,64,19508.6728146785,0.15140814203065
4,64,6315.04609035209,0.164405616497026
1,65,230954.500188928,0.14474486825235
2,65,302048.052147461,0.152047077182525
3,65,383405.305837652,0.160730385057313
4,65,298817.826344137,0.164589581505693
1,66,31440.2868085676,0.150238968647535
2,66,23117.1802659617,0.131075127808531
3,66,2405.35251614128,0.167759686881326
4,66,14074.5167261879,0.169326534335405
1,67,50337.806865142,0.173217109904068
2,67,43151.1525294222,0.13590857219097
3,67,18297.531524857,0.158300239804393
4,67,12413.13735417,0.157545734865494
1,68,9198.32414815616,0.160458953771937
2,68,10328.2962819645,0.146975846238729
3,68,8106.94165661974,0.160267804082126
4,68,9478.31052665845,0.157932382060902
1,69,30712.9967869738,0.159383931390132
2,69,55797.8039552431,0.171634744776796
3,69,28198.8390029345,0.127862819046573
4,69,27402.7426972414,0.155695189897172
1,70,14716.7499319508,0.168381573911054
2,70,14464.5198586186,0.147650928133337
3,70,7702.21737322663,0.143426062494876
4,70,3341.83944099732,0.15388091174666
1,71,59669.9802696716,0.163596101505256
2,71,15794.6923373851,0.142443880800128
3,71,7501.85474004084,0.150466649954881
4,71,2775.19744029056,0.148795685566952
1,72,69447.8166472377,0.155296279596177
2,72,12869.5751077222,0.168552358698391
3,72,7403.95034096443,0.144886645401349
4,72,55591.8478154523,0.158318047094647
1,73,4271.21996774533,0.163983372783474
2,73,29389.471102051,0.144488013765346
3,73,203085.68357893,0.147928399390784
4,73,1903195.38342906,0.169983548997466
1,74,10071.7803208732,0.142719853181373
2,74,11473.5884763953,0.154128534615178
3,74,21044.9614026243,0.158686148327997
4,74,18669.2305157045,0.160730051545223
1,75,25923.0231461164,0.176434496908831
2,75,19892.715907961,0.135745455005423
3,75,69226.4381008585,0.160136260281455
4,75,65240.9265302946,0.143132436356284
1,76,70861.4370219275,0.146229686328426
2,76,35459.9049134995,0.144459967284648
3,76,79236.6528026423,0.125326147075109
4,76,113089.793610214,0.151971527842132
1,77,25922.2894616719,0.147866433697344
2,77,9711.21969812153,0.13559821743197
3,77,8842.57852726831,0.141538859297511
4,77,25455.5394568803,0.138851044616546
1,79,30429.6706725493,0.148270249969296
2,79,30231.1678062086,0.141856699961138
3,79,42885.5464004089,0.14193240993857
4,79,37572.8040082124,0.163702899791575
1,80,21949.328830472,0.144764132309009
2,80,12091.9281934275,0.147860009058035
3,80,34049.9216071532,0.144059469931689
4,80,55130.8176295106,0.138261704906176
1,81,5180.06625983843,0.166963067190115
2,81,56430.8105196821,0.152134265547449
3,81,12421.8440044816,0.164840995791537
4,81,10036.034169365,0.143804590058114
1,82,11717.3931854082,0.155650950285437
2,82,30764.1325957119,0.152797730012152
3,82,8366.48935013146,0.162446541716014
4,82,28179.4404447776,0.163259004055102
1,83,140404.899965054,0.1518617248146
2,83,40968.5621622612,0.15047560811255
3,83,272231.38334419,0.14934258901589
4,83,324911.147394984,0.174731168007239
1,84,12465.7548895002,0.174031723585354
2,84,17465.9810244734,0.140813794319808
3,84,27185.6793644745,0.153433829012267
4,84,16889.5761219766,0.157321648033449
1,85,5640.82884158376,0.148335755666039
2,85,9087.25309428443,0.15195479575255
3,85,15976.3798848016,0.159140160295213
4,85,30346.7850913499,0.165209342013797
1,86,35082.7082621266,0.169632149854049
2,86,11055.7616683977,0.140996039875888
3,86,46124.1836789329,0.148560752565239
4,86,15499.2910218856,0.145206416245726
1,87,12727.4031401601,0.151734530995764
2,87,26955.4241699448,0.190727217923839
3,87,8791.86920462826,0.163659682037951
4,87,4406.99307938811,0.14795159066526
1,103,69272.571857053,0.143377974866011
2,103,87759.732876458,0.162657606373224
3,103,169303.612921225,0.148824017299902
4,103,28337.3945030416,0.157026108865779
1,112,234788.851758304,0.156723103366574
2,112,845928.115335954,0.156904627620658
3,112,172336.865718569,0.134353249160883
4,112,898052.326396058,0.151581373948815
1,113,8894.29197266616,0.159194333463696
2,113,41163.3603847487,0.171628618288575
3,113,4616.10163739626,0.148876513261267
4,113,8310.81904484465,0.160499451550022
1,114,30654.9102819349,0.14448847802322
2,114,71455.795879063,0.163038933863709
3,114,49946.5806583719,0.159106366200325
4,114,139791.781557847,0.155880942084314
1,115,108517.43022685,0.155959956424725
2,115,16794.6590185177,0.136848816011991
3,115,109211.15912415,0.15203854927901
4,115,34156.8444363612,0.156654369409474
1,116,24547.4114037255,0.166783753653563
2,116,83958.6222818637,0.161972259696122
3,116,128538.24622974,0.152772237269403
4,116,38251.7980632838,0.134214385423337
1,117,22718.5892317343,0.145743204194707
2,117,20801.1933682256,0.166930863646519
3,117,48903.56602924,0.165752437811662
4,117,69294.8251033215,0.151227891960139
1,120,26516.066485143,0.164278976649332
2,120,14923.085473644,0.154407376781559
3,120,27481.2903344652,0.146233393552345
4,120,14742.1611130918,0.151454592454384
1,121,7456.8597170777,0.179207540134291
2,121,25347.8603321017,0.142743633077225
3,121,18547.4171065125,0.13491078382455
4,121,5060.99528382916,0.147657311407333
1,122,32498.0878252227,0.158764613204825
2,122,10429.94467951,0.146281664724989
3,122,286947.722976765,0.18774235214749
4,122,75405.012646286,0.171162156749566
1,124,20034.7280023258,0.155400103761325
2,124,8214.46431465469,0.14174315092536
3,124,20083.0557366479,0.171420521884931
4,124,31563.8359684098,0.16052353777173
1,125,11278.8283579907,0.15683896919395
2,125,22148.5394689436,0.165306567418896
3,125,27149.0124976972,0.140814535913756
4,125,20556.3803917127,0.137363544754098
1,129,10906.1042967292,0.155924388607159
2,129,5510.47487934282,0.144509655909262
3,129,11951.5301228261,0.142360621781766
4,129,18237.0402921585,0.147152759778267
1,135,21178.0668691264,0.174197004565683
2,135,17699.2476665765,0.150544527547774
3,135,15384.2814832979,0.145725899881506
4,135,6331.84269050745,0.136730122274831
1,140,236300.499510521,0.148407005367063
2,140,166948.927765132,0.148240202994488
3,140,59941.8672977901,0.152740176931114
4,140,59366.9393582921,0.178689896478791
1,151,46462.9833313065,0.152186393802333
2,151,101011.490159944,0.164979634740281
3,151,25448.2159161242,0.152517097198867
4,151,39784.2279299547,0.150631090524342
1,152,92271.5436459885,0.179705896279022
2,152,49034.1169854249,0.146760298957636
3,152,144428.785403295,0.164830808750302
4,152,102771.342819852,0.152414009528753
1,153,12602.3948509946,0.137182853162983
2,153,37500.6821827251,0.139963166652811
3,153,16252.9579005653,0.157265488593449
4,153,24007.3673768324,0.150336815068831
1,155,36971.2796822767,0.163621700009047
2,155,31118.6801719935,0.150280522800252
3,155,34081.6830029226,0.148332938351699
4,155,71033.5551756359,0.148704499939322
1,158,5956.32450074307,0.163529850231633
2,158,52867.5469630424,0.149214318221054
3,158,73831.6809995794,0.140851357979414
4,158,16849.7043628509,0.16106411431108
1,159,4142.9680603352,0.13328197779126
2,159,2816.81020746472,0.160602439341977
3,159,1187.80063266589,0.145739795313613
4,159,4407.44908580312,0.165347691559758
1,160,11198.3329218145,0.157381484017348
2,160,25929.5208625297,0.143294469094574
3,160,14758.3706355564,0.163028363235619
4,160,26399.8518047611,0.159454957622009
1,162,33941.4721319265,0.172505834132924
2,162,10081.9191924306,0.14897201044109
3,162,17214.0371499658,0.149365605533327
4,162,6521.89489953695,0.150606695016559
1,163,28044.6380505844,0.136883070399577
2,163,33371.4283089429,0.180913633935816
3,163,152061.081495614,0.173174778065565
4,163,76134.9388593175,0.158428411932874
1,164,44736.8125506816,0.157819003159138
2,164,11022.6510421973,0.1464492479061
3,164,74442.3307419833,0.14203130603712
4,164,41666.9987357958,0.126928171603347
1,165,262847.901296943,0.157607697612849
2,165,1087567.13076334,0.152934113780179
3,165,228257.529283471,0.137264518642534
4,165,229003.423216659,0.148415599130092
1,168,78248.139931162,0.166293918254034
2,168,17023.1984185207,0.15989021967114
3,168,15892.8182882611,0.139871355232351
4,168,14105.2766832145,0.151404078881757
1,169,17931.8147583252,0.143454500261433
2,169,31511.1233980046,0.165153149656042
3,169,34778.3480812403,0.12574092061437
4,169,22357.7137389121,0.194995240995266
1,171,19104.6471174806,0.140481956969969
2,171,8137.36621769019,0.172019746534365
3,171,3660.45238667544,0.151470728113479
4,171,10222.3451648911,0.152808879921278
1,173,1846.15579989689,0.158317837435679
2,173,3197.80895251654,0.147800576402068
3,173,3902.19036067297,0.132418311311968
4,173,6648.17747207483,0.162557822029067
1,174,111319.997459005,0.152697995170137
2,174,39338.9242718426,0.144073478133929
3,174,31389.7178530132,0.151035843345805
4,174,51108.0959347046,0.133030038977432
1,175,1861.45997974596,0.126946793077264
2,175,6382.5276484805,0.158775116407174
3,175,3540.32327446217,0.14959835268968
4,175,5764.14578128897,0.156949657401193
1,177,1171.33260459086,0.156152041472822
2,177,4806.13026020085,0.141985912083994
3,177,2899.12529241523,0.178254051826519
4,177,16850.7508710028,0.145335615561153
1,178,20992.8913631727,0.149911336260076
2,178,6403.43035065534,0.171656104895628
3,178,2620.1245442726,0.151917242075049
4,178,3234.77161264152,0.138601569161528
1,179,9471.30177652381,0.153709514416469
2,179,34391.9246730004,0.153289108202256
3,179,29776.7820957562,0.144300436173796
4,179,32584.8231939219,0.13958189398581
1,180,192906.819560392,0.15436255400428
2,180,307030.293529116,0.138220885327293
3,180,142288.751858651,0.143248444565808
4,180,227675.946417943,0.137773128538364
1,183,51151.9764638668,0.161074543917019
2,183,41015.3363737769,0.147391443793072
3,183,52114.788714584,0.148281687681635
4,183,23913.9211945968,0.146076510728953
1,184,27976.0000740028,0.141027100737897
2,184,22923.8290619691,0.127538649278267
3,184,15275.3284567761,0.157803517955708
4,184,26895.0131658375,0.166521771173192
1,185,4038.82642863204,0.138779829911398
2,185,1217.23832398732,0.14790222163281
3,185,2234.17814488977,0.163155001236571
4,185,9050.7618839793,0.168252493089906
1,186,55399.8496552202,0.142152972997589
2,186,115593.608711872,0.15751948468608
3,186,78895.1931369505,0.170898427959572
4,186,44698.0615064923,0.150987306324893
1,187,39262.1916098241,0.142891517521405
2,187,49115.0914386598,0.138352470682022
3,187,91872.5671281255,0.149446009746578
4,187,32352.0534671345,0.15333405070399
1,188,86014.9408498477,0.129223195544177
2,188,127097.874597137,0.145919002252808
3,188,60818.5650140596,0.163704363216442
4,188,45056.9016050538,0.156312184827849
1,189,33533.0830058873,0.143594297435499
2,189,63405.4410434481,0.142399098706615
3,189,89899.6519144127,0.148160343652555
4,189,62205.3801475749,0.140462005286873
1,191,6417.64701953181,0.144173040680292
2,191,11206.611017234,0.161973604526184
3,191,6206.75787936558,0.146841062890924
4,191,18423.1875761611,0.146641395521965
1,194,171897.612655483,0.145918329143946
2,194,154355.724705803,0.159284318027435
3,194,118608.126763842,0.141905915807824
4,194,74088.1382024908,0.168986597018921
1,195,26242.2494109326,0.138356628458598
2,195,28207.1357882662,0.172033172025215
3,195,27131.4926036127,0.151117309860998
4,195,5765.71829224487,0.158564775685917
1,196,294141.7179877,0.171290580038363
2,196,330814.143443627,0.144979315171117
3,196,104336.602199299,0.153041404866318
4,196,452298.818788441,0.147935023811244
1,197,50836.6176934535,0.161416769737278
2,197,50414.1068447419,0.151146932078935
3,197,15791.3382689455,0.141827059788805
4,197,35313.4213087822,0.166112974603065
1,198,211556.310773935,0.132681365499479
2,198,31672.9448533107,0.147029937162758
3,198,91553.5871657411,0.152362126420998
4,198,314845.851669482,0.152608025408815
1,199,265119.437909318,0.151440360049672
2,199,181076.647346368,0.154572527808606
3,199,130317.224945807,0.132053007097656
4,199,101595.069789704,0.139736032851746
1,200,97134.5136560027,0.133947015650067
2,200,163600.768721082,0.141235861751532
3,200,267993.290993307,0.18006862940908
4,200,275482.253852502,0.131344579693148
1,201,70474.8568351066,0.160154749590646
2,201,18109.6232787986,0.157890550882632
3,201,25578.5518714477,0.150655370893659
4,201,90531.9117155912,0.152728564008216
1,202,24093.3521438237,0.13282350833343
2,202,10384.636463273,0.155940008045877
3,202,30352.3102277721,0.143148299053494
4,202,145378.998953793,0.172467178498312
1,203,6594.27819589138,0.144127989684131
2,203,8542.96604776085,0.135938692685927
3,203,8200.77213816719,0.166517733412836
4,203,4062.31487286383,0.146155970000553
1,204,19992.9954628769,0.157051714119094
2,204,36552.7840853805,0.139091926106759
3,204,65629.6943175256,0.16238434985145
4,204,27047.8165527624,0.141986417658592
1,205,12621.7512136057,0.171290094121516
2,205,23994.3923981225,0.153441268351966
3,205,3169.43875592459,0.144531147452882
4,205,9315.81829385555,0.154282813753462
1,206,41524.5828100494,0.144500829095804
2,206,68766.600387939,0.15696649510002
3,206,80266.8295299234,0.161861927748227
4,206,75039.1268585516,0.145104294431915
1,207,56865.0231737505,0.15422450317246
2,207,172289.852505584,0.158802198374324
3,207,99098.7189608422,0.136598114059595
4,207,59561.3176737702,0.153790221548885
1,208,496351.54894349,0.159978155312619
2,208,666185.352626061,0.147135080190864
3,208,483250.26896363,0.163146997779407
4,208,959872.680284235,0.173415079637573
1,209,12678.8666262361,0.152390830179285
2,209,43610.4361649658,0.154691163995743
3,209,9372.86962411458,0.177719766306741
4,209,15395.184691307,0.161900990247115
1,210,68434.3927645325,0.163572332503649
2,210,42620.6031120186,0.153245449562732
3,210,71637.0539736104,0.171718751074941
4,210,72268.7546339175,0.160040371801317
1,212,157084.997518619,0.135668374683305
2,212,92729.5674436949,0.13188009205949
3,212,62958.9752750979,0.156169414836025
4,212,122321.25827921,0.150008529490614
1,213,36602.3006029281,0.129449797179168
2,213,33926.4630702055,0.152411002584017
3,213,61492.0319753101,0.162226740725939
4,213,37670.9465151676,0.159540935379123
1,214,751957.506728414,0.163842679822416
2,214,451847.431282072,0.158823577824114
3,214,585736.328677426,0.151467872411752
4,214,868270.862885868,0.157031953877337
1,215,23736.6748276134,0.146842068954619
2,215,25322.1561538895,0.141927904558234
3,215,23119.196234065,0.126577653025047
4,215,10717.3794162482,0.141451168804359
1,216,25003.1808027195,0.13380931556619
2,216,15778.5762041498,0.159443707557045
3,216,45620.3305215975,0.168720533614995
4,216,47450.0120914305,0.168121179578992
1,217,100282.49955533,0.152879818127949
2,217,46982.1761964972,0.178901499648167
3,217,23596.4722747041,0.158595590525232
4,217,95830.9556771708,0.154650221501215
1,218,87788.5947959376,0.155723550582021
2,218,19439.4001463552,0.165360180943975
3,218,12574.7059199972,0.157317011859799
4,218,49661.9074813258,0.152628738454056
1,219,12347.4366257186,0.150377003893835
2,219,26040.8362674693,0.161896393647396
3,219,48942.6893777722,0.148828120573268
4,219,68081.0994153435,0.167555101905538
1,220,42779.1094358216,0.159664550196747
2,220,16357.9058495802,0.14661707124555
3,220,26814.7932209056,0.162129326218642
4,220,43937.4582611184,0.178783039122514
1,221,387373.726394125,0.148849358837778
2,221,1416383.85390108,0.161410129756309
3,221,453875.998995578,0.146496708647954
4,221,232005.251221704,0.138676513868727
1,223,237260.904035028,0.16354861779635
2,223,99043.4677644435,0.170461369984165
3,223,310847.556546793,0.143925552474317
4,223,77475.3437561604,0.150715587989082
1,224,345866.886710554,0.125880803532807
2,224,74976.8094393159,0.158986102485141
3,224,251840.488968113,0.153176974139921
4,224,194485.15308989,0.150524639969585
1,225,126384.822209228,0.165631854025725
2,225,143054.225396314,0.154211532896149
3,225,162284.247865038,0.150178198832728
4,225,148391.981628571,0.15371646255324
1,226,71236.7548523633,0.153020235948314
2,226,54595.5394692275,0.153581025244981
3,226,64596.631097061,0.156049732730209
4,226,73424.2993201453,0.169645738599085
1,227,303120.39609825,0.152264556011112
2,227,282692.779855958,0.148273038765699
3,227,53277.3461844323,0.147279093030227
4,227,236911.687459447,0.156046209532908
1,228,214534.207697902,0.15936017041088
2,228,778993.82338939,0.156656244571007
3,228,552181.157508431,0.149773726877566
4,228,489001.863174806,0.147071489097112
1,230,249659.642429944,0.138977038936721
2,230,108704.350359005,0.165848352350446
3,230,631837.993515092,0.145178695198492
4,230,83534.7824094942,0.143337198658479
1,231,390113.181141565,0.164060695681521
2,231,194047.052100995,0.143566487520844
3,231,91665.968833224,0.150492319374259
4,231,137750.472562197,0.131194635406011
1,233,6252.9444482798,0.141656742854532
2,233,25816.9018377595,0.148537756193245
3,233,22224.9243498509,0.151987852966772
4,233,16024.6120457774,0.148499475144702
1,234,136851.343120428,0.139854275693015
2,234,42110.9506682928,0.13528256011684
3,234,111256.096156128,0.152584289533748
4,234,46905.1975876091,0.148918611402831
1,235,11603.7982722499,0.170405254689582
2,235,5306.73707271928,0.165379996454912
3,235,11167.5540791321,0.14416222789496
4,235,18940.8999195246,0.157762498414664
1,238,923547.768506965,0.165913553190777
2,238,335224.229413328,0.164224792844438
3,238,250345.647398644,0.152655079625857
4,238,642770.641561187,0.150475709677613
1,239,159267.952419145,0.144692548325969
2,239,57045.8280710699,0.151868436745181
3,239,100406.196750962,0.152772066710706
4,239,186914.042476148,0.141942082461837
1,240,320173.261632224,0.163967050534836
2,240,416327.753259474,0.149375931491221
3,240,220776.704776131,0.150069686515454
4,240,256125.416754125,0.155041628606033
1,242,258122.453041812,0.156252115350412
2,242,42247.9088778591,0.148529003274682
3,242,71522.8064361824,0.153657118496278
4,242,41987.3247953261,0.160349413760175
1,243,66198.0782570023,0.149202569606845
2,243,62908.794354481,0.130549009435469
3,243,21211.7223836469,0.15156782082783
4,243,236983.975448997,0.152171009593053
1,245,18018.1525229613,0.143501693505593
2,245,18574.5070274344,0.14913816218063
3,245,48076.9585270074,0.155404309601654
4,245,33010.210406155,0.16257486002661
1,247,30112.9539705275,0.152643152006242
2,247,60911.5882845308,0.134354593100498
3,247,19005.0646061043,0.13695902833162
4,247,71462.351637472,0.153919004744026
1,248,1331303.33145963,0.139134056897342
2,248,1557562.38740172,0.160072785859045
3,248,1731684.28178274,0.16696688314482
4,248,1257595.06007455,0.150149798264322
1,249,1403317.94477023,0.150368259299673
2,249,2772699.88857324,0.148946154373827
3,249,1654318.80351497,0.146229626927643
4,249,2366802.7457271,0.135800935251815
1,250,257022.434573746,0.151810286238927
2,250,125153.686166947,0.135755480492643
3,250,298617.475284259,0.15404391133459
4,250,324804.694795348,0.141340030720706
